[1, 1]


[1, 1]


[1, 1]


[]
[]
[]
[]
[]
[]
[]
[]
[]
[]
[]
[]
[]
[]
[]
[]


[1, 1]


[1, 1]


[1]
[1]
[1]
[1, 1, 1, 1, 1]
[0, 0, 0, 0, 1, 1, 1]
[0, 0, 0, 0, 0, 0, 1, 1, 1]
[0, 0, 0, 0, 0, 0, 0, 0, 1]
[0, 0, 0, 0, 0, 0, 0, 0, 1]
[0, 0, 0, 0, 0, 0, 0, 0, 0, 1]
[0, 0, 0, 0, 0, 0, 0, 0, 1, 1]
[0, 0, 0, 0, 0, 0, 0, 0, 0, 0, 1, 1]
[0, 0, 0, 0, 0, 0, 0, 0, 0, 0, 0, 0, 1]
[0, 0, 0, 0, 0, 0, 0, 0, 0, 0, 0, 0, 1]
[0, 0, 0, 0, 0, 0, 0, 0, 0, 0, 0, 1, 1, 1]
[0, 0, 0, 0, 0, 0, 0, 0, 0, 0, 0, 0, 0, 1]
[0, 0, 0, 0, 0, 0, 0, 0, 0, 0, 0, 0, 0, 1]
[0, 0, 0, 0, 0, 0, 0, 0, 0, 0, 0, 1, 1, 1, 1, 1]


[1, 1]


[1, 1, 1, 1]


[1, 1, 1, 1, 1]


[1]
[1]


[1]


[1]
[1]


[1, 1]


[1, 1, 1]


[1, 1, 1]


[1]
[1]
[1]
[1, 1, 1, 1, 1]
[0, 0, 0, 0, 0, 1, 1, 1]
[0, 0, 0, 0, 0, 0, 1, 1]


[1]
[1]
[1, 1]
[0, 1, 1, 1, 1]
[0, 0, 0, 1, 1, 1, 1, 1]
[0, 0, 0, 0, 0, 0, 1, 1, 1]
[0, 0, 0, 0, 0, 0, 0, 0, 1, 1, 1, 1]
[0, 0, 0, 0, 0, 0, 0, 0, 0, 0, 1, 1, 1, 1, 1]
[0, 0, 0, 0, 0, 0, 0, 0, 0, 0, 0, 0, 0, 1, 1]
[0, 0, 0, 0, 0, 0, 0, 0, 0, 0, 0, 0, 0, 0, 1]
[0, 0, 0, 0, 0, 0, 0, 0, 0, 0, 0, 1, 1, 1, 1]
[0, 0, 0, 0, 0, 0, 0, 0, 0, 0, 0, 0, 0, 0, 1]
[0, 0, 0, 0, 0, 0, 0, 0, 0, 0, 0, 0, 0, 0, 1, 1]
[0, 0, 0, 0, 0, 0, 0, 0, 0, 0, 0, 0, 0, 0, 1, 1]
[0, 0, 0, 0, 0, 0, 0, 0, 0, 0, 0, 0, 0, 0, 1, 1]
[0, 0, 0, 0, 0, 0, 0, 0, 0, 0, 0, 0, 0, 1, 1, 1]


[1, 1]


[1, 1, 1, 1, 1]


[1, 1, 1]


[1, 1]


[1, 1, 1]


[1]


[1, 1]


[1, 1, 1, 1]


[1]


[1, 1, 1]


[1, 1, 1, 1]


[1, 1]


[1]
[1]


[1, 1, 1, 1]


[1, 1, 1]


[1, 1, 1]


[1, 1, 1]


[1, 1]


[1, 1, 1]


[1, 1, 1]


[1, 1]


[1]


[1, 1]
[1, 1]


[1, 1]


[1]


[1, 1]


[1]

******************BLOCKING COMPLETED
BLOCK ROWS: 44 of AVG. SIZE: 4.9489051094890515
TRUE NONZEROS: 190 FAKE NONZEROS : 308, with AVG. in-block DENSITY: 0.3815261044176707
PRINTING BLOCK DISTRIBUTION: size -- blocks with that size
1 --> 37
2 --> 4
6 --> 1
16 --> 1
17 --> 1
