[1, 1, 1, 1, 1]
[0, 0, 1, 1, 1, 1, 1]
[0, 0, 0, 0, 1, 1, 1]


[1, 1]
[1, 1]
[1, 1, 1, 1, 1]
[0, 0, 0, 1, 1, 1]
[0, 0, 0, 1, 1, 1]
[0, 0, 0, 0, 0, 1]
[0, 0, 0, 1, 1, 1, 1]


[1, 1]
[0, 1, 1]
[1, 1, 1, 1, 1, 1, 1, 1, 1]


[1, 1]
[1, 1, 1, 1, 1, 1]
[0, 0, 0, 1, 1, 1]


[1, 1, 1, 1, 1]
[0, 0, 1, 1, 1, 1, 1]
[0, 0, 1, 1, 1, 1, 1]
[0, 0, 0, 0, 1, 1, 1]


[1, 1, 1]
[0, 1, 1, 1, 1]
[0, 0, 0, 0, 1, 1]
[0, 0, 0, 0, 1, 1]
[0, 0, 0, 1, 1, 1, 1]


[1, 1, 1]
[0, 0, 1, 1]
[0, 0, 1, 1, 1]
[0, 0, 0, 0, 1, 1]
[0, 0, 0, 1, 1, 1, 1]
[0, 0, 0, 1, 1, 1, 1, 1]


[1, 1, 1, 1]
[0, 0, 0, 0, 1]
[0, 0, 1, 1, 1, 1]
[0, 0, 0, 0, 0, 1]
[0, 0, 0, 0, 1, 1]
[0, 0, 0, 0, 0, 1]
[0, 0, 0, 0, 1, 1]


[1]
[1, 1, 1]
[0, 1, 1, 1, 1, 1]
[0, 0, 0, 0, 1, 1]


[1, 1, 1, 1]
[1, 1, 1, 1, 1]
[0, 0, 1, 1, 1, 1]
[0, 0, 0, 0, 1, 1, 1]


[1, 1, 1, 1, 1]
[0, 0, 0, 1, 1, 1]
[0, 0, 0, 0, 0, 1]
[0, 0, 1, 1, 1, 1]


[1, 1, 1, 1, 1, 1, 1]
[0, 0, 0, 1, 1, 1, 1, 1, 1]


[1, 1, 1, 1, 1]
[0, 0, 0, 1, 1, 1, 1]


[1, 1, 1]
[0, 1, 1, 1, 1, 1]
[0, 0, 0, 0, 1, 1]


[1, 1, 1, 1, 1]
[0, 1, 1, 1, 1, 1]
[0, 0, 0, 0, 0, 0, 1, 1]
[0, 0, 0, 0, 0, 1, 1, 1]


[1, 1, 1]
[0, 0, 1, 1, 1, 1, 1]
[0, 0, 0, 0, 1, 1, 1]
[0, 0, 0, 1, 1, 1, 1, 1]


[1, 1, 1, 1, 1, 1, 1]
[0, 0, 1, 1, 1, 1, 1, 1, 1]


[1, 1, 1, 1, 1, 1]
[0, 0, 0, 1, 1, 1, 1]
[0, 0, 0, 1, 1, 1, 1, 1]
[0, 0, 0, 0, 1, 1, 1, 1]


[1, 1, 1]
[0, 1, 1, 1, 1, 1, 1, 1]
[0, 0, 0, 0, 0, 1, 1, 1]
[0, 0, 0, 0, 0, 0, 0, 1]
[0, 0, 0, 0, 0, 1, 1, 1]
[0, 0, 0, 0, 0, 0, 0, 1]


[1, 1, 1, 1]
[0, 1, 1, 1, 1]
[0, 0, 1, 1, 1, 1, 1]


[1, 1, 1]
[1, 1, 1, 1]
[0, 0, 1, 1, 1, 1]
[0, 0, 1, 1, 1, 1, 1]


[1, 1, 1, 1]
[0, 0, 0, 1, 1, 1, 1]
[0, 0, 0, 0, 0, 0, 1]
[0, 0, 1, 1, 1, 1, 1]


[1, 1, 1, 1, 1]
[0, 0, 0, 1, 1, 1, 1]
[0, 0, 0, 1, 1, 1, 1]
[0, 0, 0, 0, 1, 1, 1, 1]


[1, 1, 1, 1]
[0, 0, 1, 1, 1, 1]
[1, 1, 1, 1, 1, 1, 1]
[0, 0, 0, 0, 0, 1, 1]


[1, 1, 1]
[0, 0, 0, 1, 1]
[0, 0, 0, 1, 1, 1, 1]
[0, 0, 0, 0, 0, 1, 1]

******************BLOCKING COMPLETED
BLOCK ROWS: 25 of AVG. SIZE: 3.9615384615384617
TRUE NONZEROS: 366 FAKE NONZEROS : 302, with AVG. in-block DENSITY: 0.5479041916167665
PRINTING BLOCK DISTRIBUTION: size -- blocks with that size
2 --> 3
3 --> 5
4 --> 12
5 --> 1
6 --> 2
7 --> 2
