[1, 1, 1, 1, 1, 1, 1]


[1, 1, 1, 1, 1, 1, 1]


[1, 1, 1, 1, 1]


[1, 1, 1, 1, 1, 1]


[1, 1, 1, 1, 1]
[0, 0, 0, 1, 1, 1, 1]


[1, 1, 1, 1, 1, 1, 1, 1]


[1, 1, 1, 1, 1, 1, 1]


[1, 1, 1, 1, 1]


[1, 1, 1, 1, 1, 1]


[1, 1, 1, 1, 1]


[1, 1, 1, 1]


[1, 1, 1, 1, 1, 1, 1, 1, 1]


[1, 1, 1, 1]


[1, 1, 1, 1, 1, 1, 1, 1]


[1, 1, 1, 1, 1, 1, 1, 1, 1]


[1, 1]
[0, 1, 1, 1]
[0, 0, 1, 1, 1]


[1, 1]
[0, 1, 1, 1, 1, 1]
[0, 0, 0, 0, 1, 1, 1]


[1, 1, 1, 1, 1, 1, 1]


[1, 1, 1, 1, 1, 1]


[1, 1, 1, 1, 1, 1]


[1, 1, 1, 1, 1, 1, 1, 1]


[1, 1, 1, 1]
[0, 0, 0, 1, 1, 1, 1]
[0, 0, 0, 0, 1, 1, 1, 1, 1]
[0, 0, 0, 0, 0, 0, 1, 1, 1]


[1, 1, 1, 1, 1, 1]


[1, 1, 1, 1, 1, 1, 1, 1]


[1, 1, 1, 1, 1]
[0, 0, 0, 1, 1, 1, 1]


[1, 1, 1, 1, 1]


[1, 1, 1, 1, 1, 1, 1, 1, 1]


[1, 1, 1, 1, 1, 1]


[1, 1, 1]
[0, 1, 1, 1, 1]


[1, 1, 1, 1, 1]


[1, 1, 1, 1, 1, 1, 1]


[1, 1, 1, 1, 1, 1, 1, 1, 1, 1, 1]


[1, 1, 1, 1, 1]
[0, 0, 1, 1, 1, 1, 1]


[1, 1, 1, 1, 1]


[1, 1, 1]
[0, 0, 1]
[0, 1, 1, 1, 1, 1, 1]
[0, 0, 0, 0, 0, 1, 1, 1]


[1, 1, 1, 1, 1, 1, 1]


[1, 1, 1]
[0, 0, 1]
[0, 0, 1, 1, 1]


[1, 1, 1]
[0, 1, 1, 1, 1, 1, 1]
[0, 0, 0, 0, 0, 1, 1, 1]
[0, 0, 0, 0, 0, 0, 0, 1]


[1]
[0]
[1, 1, 1]
[0, 0, 0, 1]
[0, 0, 0, 1]


[1, 1, 1, 1, 1, 1]


[1, 1, 1, 1, 1, 1, 1, 1]


[1, 1, 1, 1, 1, 1, 1]


[1, 1, 1]
[0, 0, 1, 1]
[0, 0, 0, 1, 1]


[1, 1, 1, 1, 1, 1, 1]


[1, 1, 1, 1]


[1, 1, 1, 1]
[0, 0, 1, 1, 1, 1, 1]


[1, 1, 1, 1, 1, 1, 1, 1, 1]


[1, 1, 1, 1, 1]


[1, 1]
[0, 1, 1, 1, 1]
[0, 0, 0, 0, 1, 1]
[0, 0, 0, 1, 1, 1, 1]


[1, 1, 1]
[0, 0, 1, 1, 1]


[1, 1, 1, 1, 1, 1, 1, 1]


[1, 1, 1, 1]
[0, 0, 1, 1, 1]
[0, 0, 1, 1, 1, 1, 1]
[0, 0, 0, 0, 1, 1, 1]


[1, 1, 1, 1, 1, 1, 1]


[1, 1, 1, 1, 1, 1]
[0, 0, 0, 1, 1, 1, 1, 1]


[1, 1, 1, 1, 1]
[0, 0, 1, 1, 1, 1, 1]


[1, 1, 1, 1, 1, 1, 1]


[1, 1, 1, 1, 1, 1]


[1, 1, 1, 1, 1, 1, 1, 1]


[1, 1, 1, 1, 1]
[0, 0, 1, 1, 1, 1, 1]


[1, 1, 1, 1, 1, 1, 1]


[1, 1, 1, 1, 1, 1]


[1, 1, 1, 1, 1]


[1, 1, 1, 1, 1]
[0, 0, 0, 1, 1, 1]


[1, 1, 1]
[0, 0, 1, 1, 1]
[0, 1, 1, 1, 1]


[1, 1, 1]
[0, 0, 1, 1]
[0, 0, 1, 1, 1]
[0, 0, 1, 1, 1, 1, 1, 1]


[1, 1]
[1, 1, 1, 1]
[0, 1, 1, 1, 1, 1, 1]
[0, 0, 0, 0, 1, 1, 1]
[0, 0, 0, 0, 1, 1, 1, 1, 1]


[1, 1, 1, 1, 1, 1]
[0, 0, 0, 1, 1, 1, 1, 1]


[1, 1, 1, 1, 1, 1]
[0, 0, 0, 1, 1, 1, 1, 1]


[1, 1, 1, 1, 1]
[0, 0, 1, 1, 1, 1]


[1, 1, 1, 1, 1, 1]
[0, 0, 1, 1, 1, 1, 1, 1, 1]


[1, 1, 1, 1, 1]


[1, 1, 1]
[0, 0, 1, 1]
[0, 0, 1, 1, 1, 1]


[1, 1, 1, 1, 1, 1, 1, 1]


[1, 1, 1, 1, 1, 1, 1]


[1, 1, 1, 1]
[0, 0, 1, 1, 1, 1, 1]

******************BLOCKING COMPLETED
BLOCK ROWS: 75 of AVG. SIZE: 1.7216699801192843
TRUE NONZEROS: 608 FAKE NONZEROS : 217, with AVG. in-block DENSITY: 0.7369696969696969
PRINTING BLOCK DISTRIBUTION: size -- blocks with that size
1 --> 46
2 --> 15
3 --> 6
4 --> 6
5 --> 2
