[1]
[1]
[1]
[1]
[1]
[1]
[1]
[1]
[1]
[1]
[1]
[1]


[1]
[1]
[1]
[1]
[1]
[1]
[1]
[1]
[1]
[1]
[1]


[]
[]
[]
[]
[]
[]
[]
[]
[]
[]
[]
[]
[]
[]
[]
[]
[]
[]
[]
[]
[]
[]
[]
[]
[]
[]
[]
[]
[]
[]
[]
[]
[]
[]
[]
[]
[]
[]
[]
[]
[]
[]
[]
[]
[]
[]
[]
[]
[]
[]
[]
[]
[]
[]
[]
[]
[]
[]
[]
[]
[]
[]
[]
[]
[]
[]
[]
[]
[]
[]
[]
[]
[]
[]
[]
[]
[]
[]
[]
[]
[]
[]
[]
[]
[]
[]
[]
[]
[]
[]
[]
[]
[]
[]
[]
[]
[]
[]
[]
[]
[]
[]
[]
[]
[]
[]
[]
[]
[]
[]
[]
[]
[]
[]
[]
[]
[]
[]
[]
[]
[]
[]
[]
[]
[]
[]
[]
[]
[]
[]
[]
[]
[]
[]
[]
[]
[]
[]
[]
[]
[]
[]
[]
[]
[]
[]
[]
[]
[]
[]
[]
[]
[]
[]
[]
[]
[]
[]
[]
[]
[]
[]
[]
[]
[]
[]
[]
[]
[]
[]
[]
[]
[]
[]
[]
[]
[]
[]
[]


[1]
[1]
[1]
[1]
[1]
[1]
[1]
[1]
[1]
[1]
[1]


[1]
[1]
[1]
[1]
[1]
[1]
[1]


[1, 1, 1]
[0, 1, 1]
[0, 1, 1]
[0, 1, 1]


[1]
[1]
[1]
[1]
[1]
[1]
[1]
[1]
[1]
[1]
[1]
[1]
[1]
[1]


[1, 1]


[1]
[1]
[1]
[1]
[1]
[1]
[1]
[1]
[1]


[1, 1]


[1]
[1]
[1]
[1]
[1]


[1, 1]
[1, 1]
[1, 1]
[1, 1, 1]


[1]
[1]
[1]
[1]
[1]
[1]
[1]


[1]
[1]
[1]
[1]
[1]
[1]
[1]
[1]
[1]
[1]


[1]
[1]
[1]
[1]
[1]
[1]
[1]
[1]
[1]
[1]


[1, 1]
[1, 1, 1]
[0, 1, 1]
[0, 1, 1, 1]
[0, 0, 1, 1, 1]
[0, 0, 1, 1, 1, 1]
[0, 0, 0, 1, 1, 1, 1, 1]


[1, 1]
[1, 1]


[1]
[1]
[1]
[1]
[1]
[1]
[1]
[1]
[1]
[1]
[1]


[1]
[1]
[1]
[1]
[1]
[1]


[1]
[1]
[1]
[1]
[1]
[1]
[1]
[1]
[1]
[1]
[1]
[1]
[1]
[1]
[1]
[1]


[1]
[1]
[1]
[1]
[1]
[1]
[1]


[1, 1]


[1, 1]


[1]
[1]
[1]
[1]
[1]
[1]


[1, 1, 1]
[0, 1, 1, 1, 1]


[1]
[1]
[1]
[1]
[1]
[1]


[1, 1]


[1]
[1]
[1]
[1]
[1]
[1]
[1]
[1]
[1]
[1]
[1]
[1]
[1]
[1]
[1]


[1]
[1]
[1]
[1]
[1]
[1]
[1]
[1]
[1]
[1]
[1]


[1, 1]
[1, 1, 1, 1]


[1]
[1]
[1]
[1]
[1]
[1]
[1]
[1]
[1]
[1]
[1]
[1]
[1]


[1, 1]


[1, 1]
[1, 1]


[1, 1, 1]
[0, 1, 1, 1, 1]


[1, 1]


[1, 1]


[1, 1]
[1, 1, 1]
[0, 1, 1]


[1]
[1]
[1]
[1]
[1]
[1]
[1]
[1]
[1]
[1]
[1]
[1]


[1, 1]
[1, 1, 1]
[0, 1, 1, 1, 1]


[1, 1]
[1, 1]
[1, 1, 1, 1]
[0, 1, 1, 1]
[0, 0, 1, 1, 1]


[1, 1, 1, 1, 1]


[1, 1]


[1, 1]
[1, 1, 1]
[0, 1, 1]


[1, 1, 1]
[0, 1, 1, 1]
[0, 0, 1, 1]


[1, 1]
[1, 1]


[1, 1]


[1, 1, 1]


[1, 1]
[1, 1, 1]


[1, 1]


[1, 1, 1]
[0, 1, 1, 1]
[0, 0, 1, 1]


[1, 1]
[1, 1]


[1, 1]
[1, 1, 1]


[1, 1]
[1, 1]


[1, 1]


[1, 1]


[1, 1]


[1, 1]


[1, 1, 1]
[0, 1, 1]
[0, 1, 1]
[0, 1, 1, 1]
[0, 0, 1, 1, 1]


[1, 1]


[1, 1]


[1, 1]
[1, 1]
[1, 1]


[1, 1]


[1, 1]


[1, 1]


[1, 1]


[1, 1]


[1, 1]
[1, 1]


[1, 1]


[1, 1]
[1, 1]


[1, 1]


[1, 1]


[1, 1]


[1, 1]


[1, 1]


[1, 1]
[1, 1]


[1, 1, 1]


[1, 1]


[1, 1]


[1, 1]


[1, 1]


[1, 1]


[1, 1]


[1, 1]


[1, 1]


[1, 1]


[1, 1]


[1, 1]


[1, 1]


[1, 1]
[1, 1]


[1, 1]


[1, 1]


[1, 1, 1]


[1, 1]


[1, 1]


[1, 1]


[1, 1]


[1, 1, 1]

******************BLOCKING COMPLETED
BLOCK ROWS: 96 of AVG. SIZE: 14.683962264150944
TRUE NONZEROS: 486 FAKE NONZEROS : 58, with AVG. in-block DENSITY: 0.8933823529411765
PRINTING BLOCK DISTRIBUTION: size -- blocks with that size
1 --> 51
2 --> 14
3 --> 6
4 --> 2
5 --> 3
6 --> 3
7 --> 4
9 --> 1
10 --> 2
11 --> 4
12 --> 2
13 --> 1
14 --> 1
15 --> 1
16 --> 1
