[1, 1]
[1, 1]
[1, 1, 1]


[1, 1, 1, 1]
[0, 1, 1, 1, 1]
[0, 0, 1, 1, 1, 1, 1]
[0, 0, 0, 0, 1, 1, 1, 1]
[0, 0, 0, 0, 0, 1, 1, 1, 1, 1, 1]
[0, 0, 0, 0, 0, 0, 0, 0, 1, 1, 1, 1, 1]
[0, 0, 0, 0, 0, 0, 0, 0, 0, 1, 1, 1, 1]
[0, 0, 0, 0, 0, 0, 0, 0, 0, 1, 1, 1, 1]
[0, 0, 0, 0, 0, 0, 0, 0, 0, 0, 1, 1, 1, 1, 1]
[0, 0, 0, 0, 0, 0, 0, 0, 0, 0, 0, 1, 1, 1, 1]
[0, 0, 0, 0, 0, 0, 0, 0, 0, 0, 0, 0, 1, 1, 1, 1, 1]
[0, 0, 0, 0, 0, 0, 0, 0, 0, 0, 0, 0, 0, 1, 1, 1, 1]
[0, 0, 0, 0, 0, 0, 0, 0, 0, 0, 0, 0, 0, 1, 1, 1, 1, 1]
[0, 0, 0, 0, 0, 0, 0, 0, 0, 0, 0, 0, 1, 1, 1, 1, 1, 1]
[0, 0, 0, 0, 0, 0, 0, 0, 0, 0, 0, 0, 0, 0, 1, 1, 1, 1]
[0, 0, 0, 0, 0, 0, 0, 0, 0, 0, 0, 0, 0, 1, 1, 1, 1, 1]
[0, 0, 0, 0, 0, 0, 0, 0, 0, 0, 0, 1, 1, 1, 1, 1, 1, 1]
[0, 0, 0, 0, 0, 0, 0, 0, 0, 0, 0, 0, 0, 1, 1, 1, 1, 1]


[1, 1, 1, 1]
[0, 1, 1, 1]
[0, 1, 1, 1, 1]
[0, 0, 1, 1, 1, 1, 1]
[0, 0, 0, 0, 1, 1, 1, 1, 1, 1, 1]
[0, 0, 0, 0, 0, 0, 0, 1, 1, 1, 1, 1]
[0, 0, 0, 0, 0, 0, 0, 0, 0, 1, 1, 1, 1]
[0, 0, 0, 0, 0, 0, 0, 0, 0, 0, 1, 1, 1, 1, 1, 1]
[0, 0, 0, 0, 0, 0, 0, 0, 0, 0, 0, 0, 1, 1, 1, 1]
[0, 0, 0, 0, 0, 0, 0, 0, 0, 0, 0, 0, 1, 1, 1, 1]
[0, 0, 0, 0, 0, 0, 0, 0, 0, 0, 0, 0, 1, 1, 1, 1, 1, 1]
[0, 0, 0, 0, 0, 0, 0, 0, 0, 0, 0, 0, 0, 0, 1, 1, 1, 1, 1]
[0, 0, 0, 0, 0, 0, 0, 0, 0, 0, 0, 0, 0, 0, 1, 1, 1, 1, 1, 1]
[0, 0, 0, 0, 0, 0, 0, 0, 0, 0, 0, 0, 0, 0, 1, 1, 1, 1, 1, 1]
[0, 0, 0, 0, 0, 0, 0, 0, 0, 0, 0, 0, 0, 0, 0, 0, 1, 1, 1, 1]
[0, 0, 0, 0, 0, 0, 0, 0, 0, 0, 0, 0, 0, 0, 0, 0, 1, 1, 1, 1]
[0, 0, 0, 0, 0, 0, 0, 0, 0, 0, 0, 0, 0, 0, 0, 1, 1, 1, 1, 1]
[0, 0, 0, 0, 0, 0, 0, 0, 0, 0, 0, 0, 0, 0, 0, 0, 1, 1, 1, 1]
[0, 0, 0, 0, 0, 0, 0, 0, 0, 0, 0, 0, 0, 0, 1, 1, 1, 1, 1, 1]
[0, 0, 0, 0, 0, 0, 0, 0, 0, 0, 0, 0, 0, 0, 1, 1, 1, 1, 1, 1]
[0, 0, 0, 0, 0, 0, 0, 0, 0, 0, 0, 0, 0, 0, 0, 0, 1, 1, 1, 1]
[0, 0, 0, 0, 0, 0, 0, 0, 0, 0, 0, 0, 0, 0, 0, 0, 1, 1, 1, 1]
[0, 0, 0, 0, 0, 0, 0, 0, 0, 0, 0, 0, 0, 0, 0, 1, 1, 1, 1, 1]
[0, 0, 0, 0, 0, 0, 0, 0, 0, 0, 0, 0, 0, 0, 1, 1, 1, 1, 1, 1]
[0, 0, 0, 0, 0, 0, 0, 0, 0, 0, 0, 0, 0, 0, 0, 0, 1, 1, 1, 1]
[0, 0, 0, 0, 0, 0, 0, 0, 0, 0, 0, 0, 0, 0, 0, 0, 1, 1, 1, 1]
[0, 0, 0, 0, 0, 0, 0, 0, 0, 0, 0, 0, 0, 0, 1, 1, 1, 1, 1, 1]
[0, 0, 0, 0, 0, 0, 0, 0, 0, 0, 0, 0, 0, 0, 0, 0, 1, 1, 1, 1]
[0, 0, 0, 0, 0, 0, 0, 0, 0, 0, 0, 0, 0, 0, 0, 0, 1, 1, 1, 1]
[0, 0, 0, 0, 0, 0, 0, 0, 0, 0, 0, 0, 0, 0, 0, 0, 1, 1, 1, 1]
[0, 0, 0, 0, 0, 0, 0, 0, 0, 0, 0, 0, 0, 0, 0, 0, 1, 1, 1, 1]
[0, 0, 0, 0, 0, 0, 0, 0, 0, 0, 0, 0, 0, 0, 0, 0, 1, 1, 1, 1]
[0, 0, 0, 0, 0, 0, 0, 0, 0, 0, 0, 0, 0, 0, 0, 1, 1, 1, 1, 1]
[0, 0, 0, 0, 0, 0, 0, 0, 0, 0, 0, 0, 0, 0, 0, 1, 1, 1, 1, 1]
[0, 0, 0, 0, 0, 0, 0, 0, 0, 0, 0, 0, 0, 0, 0, 0, 1, 1, 1, 1]
[0, 0, 0, 0, 0, 0, 0, 0, 0, 0, 0, 0, 0, 0, 0, 1, 1, 1, 1, 1]
[0, 0, 0, 0, 0, 0, 0, 0, 0, 0, 0, 0, 0, 0, 0, 1, 1, 1, 1, 1]
[0, 0, 0, 0, 0, 0, 0, 0, 0, 0, 0, 0, 0, 0, 0, 1, 1, 1, 1, 1]
[0, 0, 0, 0, 0, 0, 0, 0, 0, 0, 0, 0, 0, 0, 0, 0, 1, 1, 1, 1]
[0, 0, 0, 0, 0, 0, 0, 0, 0, 0, 0, 0, 0, 0, 0, 0, 1, 1, 1, 1]
[0, 0, 0, 0, 0, 0, 0, 0, 0, 0, 0, 0, 0, 0, 0, 1, 1, 1, 1, 1]
[0, 0, 0, 0, 0, 0, 0, 0, 0, 0, 0, 0, 0, 0, 0, 0, 1, 1, 1, 1]
[0, 0, 0, 0, 0, 0, 0, 0, 0, 0, 0, 0, 0, 0, 0, 1, 1, 1, 1, 1]
[0, 0, 0, 0, 0, 0, 0, 0, 0, 0, 0, 0, 0, 0, 0, 0, 1, 1, 1, 1]
[0, 0, 0, 0, 0, 0, 0, 0, 0, 0, 0, 0, 0, 0, 0, 0, 1, 1, 1, 1]
[0, 0, 0, 0, 0, 0, 0, 0, 0, 0, 0, 0, 0, 0, 0, 0, 1, 1, 1, 1]
[0, 0, 0, 0, 0, 0, 0, 0, 0, 0, 0, 0, 0, 0, 0, 0, 1, 1, 1, 1]


[1, 1]
[1, 1]
[1, 1, 1]


[1, 1]
[1, 1, 1]
[0, 1, 1]


[]
[]
[]
[]
[]
[]
[]
[]
[]
[]
[]
[]
[]
[]
[]
[]
[]
[]
[]
[]
[]
[]
[]
[]
[]
[]
[]
[]
[]
[]
[]
[]
[]
[]
[]
[]
[]
[]
[]
[]
[]
[]
[]
[]
[]
[]
[]
[]
[]
[]
[]
[]
[]
[]
[]
[]
[]
[]
[]
[]
[]
[]
[]
[]
[]
[]
[]
[]
[]
[]
[]
[]
[]
[]
[]
[]
[]
[]
[]
[]
[]
[]
[]
[]
[]
[]
[]
[]
[]
[]
[]
[]
[]
[]
[]
[]
[]
[]
[]
[]
[]
[]
[]
[]
[]
[]
[]
[]
[]
[]
[]
[]
[]
[]
[]
[]
[]
[]
[]
[]
[]
[]
[]
[]
[]
[]
[]
[]
[]
[]
[]
[]


[1]
[1]
[1]
[1]
[1]
[1]
[1]
[1]
[1]
[1]
[1]
[1]
[1]
[1]


[1, 1]
[1, 1, 1]
[0, 1, 1]
[0, 1, 1]
[0, 1, 1]
[0, 1, 1]
[0, 1, 1]
[0, 1, 1]
[0, 1, 1]


[1, 1, 1]
[0, 1, 1]
[0, 1, 1]
[0, 1, 1]
[0, 1, 1]
[0, 1, 1]
[0, 1, 1]


[1, 1]
[1, 1, 1]
[0, 1, 1]


[1, 1, 1, 1]
[0, 1, 1, 1, 1, 1]
[0, 0, 0, 1, 1, 1]
[0, 0, 0, 1, 1, 1, 1]


[1, 1, 1, 1]
[0, 1, 1, 1]


[1, 1, 1, 1, 1]
[0, 0, 1, 1, 1, 1, 1, 1]
[0, 0, 0, 0, 0, 1, 1, 1, 1, 1]
[0, 0, 0, 0, 0, 0, 0, 1, 1, 1, 1, 1]
[0, 0, 0, 0, 0, 0, 0, 0, 0, 1, 1, 1, 1]
[0, 0, 0, 0, 0, 0, 0, 0, 0, 1, 1, 1, 1, 1]
[0, 0, 0, 0, 0, 0, 0, 0, 0, 0, 1, 1, 1, 1]
[0, 0, 0, 0, 0, 0, 0, 0, 0, 0, 1, 1, 1, 1, 1]
[0, 0, 0, 0, 0, 0, 0, 0, 0, 0, 0, 1, 1, 1, 1]
[0, 0, 0, 0, 0, 0, 0, 0, 0, 0, 0, 1, 1, 1, 1]
[0, 0, 0, 0, 0, 0, 0, 0, 0, 0, 0, 1, 1, 1, 1]
[0, 0, 0, 0, 0, 0, 0, 0, 0, 0, 0, 1, 1, 1, 1]


[1]
[1]
[1]
[1]
[1]
[1]
[1]
[1]
[1]
[1]
[1]
[1]
[1]
[1]
[1]
[1]


[1]
[1]
[1]
[1]
[1]
[1]
[1]
[1]
[1]
[1]
[1]
[1]
[1]
[1]
[1]
[1]
[1]
[1]


[1, 1, 1, 1]
[0, 1, 1, 1]


[1, 1]
[1, 1, 1]
[0, 1, 1]
[0, 1, 1]


[1]
[1]
[1]
[1]
[1]
[1]
[1]
[1]
[1]
[1]
[1]
[1]
[1]
[1]
[1]
[1]
[1]
[1]


[1, 1]
[1, 1, 1]
[0, 1, 1]
[0, 1, 1]
[0, 1, 1]
[0, 1, 1]
[0, 1, 1]
[0, 1, 1]
[0, 1, 1]


[1]
[1]
[1]
[1]
[1]
[1]
[1]
[1]
[1]
[1]
[1]
[1]
[1]


[1, 1]
[1, 1, 1]
[0, 1, 1]
[0, 1, 1]
[0, 1, 1]
[0, 1, 1]


[1, 1, 1]
[0, 1, 1]
[0, 1, 1]
[0, 1, 1]
[0, 1, 1]
[0, 1, 1]


[1]
[1]
[1]
[1]
[1]
[1]
[1]
[1]
[1]
[1]
[1]
[1]
[1]
[1]
[1]
[1]
[1]
[1]
[1]
[1]
[1]
[1]


[1]
[1]
[1]
[1]
[1]
[1]
[1]
[1]
[1]
[1]
[1]
[1]
[1]
[1]


[1, 1]
[1, 1, 1]
[0, 1, 1]
[0, 1, 1]
[0, 1, 1]
[1, 1, 1]
[0, 1, 1]
[0, 1, 1]


[1, 1]
[1, 1]
[1, 1, 1]
[0, 1, 1]


[1, 1]
[1, 1, 1]
[0, 1, 1]
[0, 1, 1]


[1, 1, 1]
[0, 1, 1]
[0, 1, 1]


[1, 1]
[1, 1, 1]
[0, 1, 1]
[0, 1, 1]
[0, 1, 1]


[1, 1]
[1, 1, 1]
[0, 1, 1]
[0, 1, 1]
[0, 1, 1]


[1, 1, 1]
[0, 1, 1]
[0, 1, 1]
[0, 1, 1]


[1]
[1]
[1]
[1]
[1]
[1]
[1]
[1]
[1]
[1]
[1]
[1]
[1]
[1]
[1]
[1]


[1]
[1]
[1]
[1]
[1]
[1]
[1]


[1, 1, 1, 1]
[0, 1, 1, 1, 1]
[0, 0, 1, 1, 1]
[0, 0, 1, 1, 1]


[1, 1, 1, 1]
[0, 1, 1, 1]


[1]
[1]
[1]
[1]
[1]
[1]
[1]
[1]
[1]
[1]
[1]
[1]
[1]
[1]
[1]
[1]
[1]
[1]
[1]
[1]


[1, 1]
[1, 1]
[1, 1, 1]
[0, 1, 1]


[1, 1]
[1, 1, 1]
[0, 1, 1]
[0, 1, 1]


[1]
[1]
[1]
[1]
[1]
[1]
[1]
[1]
[1]
[1]


[1]
[1]
[1]
[1]
[1]
[1]
[1]
[1]
[1]
[1]
[1]
[1]
[1]


[1, 1, 1]
[0, 1, 1]
[0, 1, 1]


[1, 1]
[1, 1]
[1, 1, 1]
[0, 1, 1]
[0, 1, 1]
[0, 1, 1]


[1]
[1]
[1]
[1]
[1]
[1]
[1]
[1]
[1]
[1]
[1]
[1]


[1, 1]


[1, 1]
[1, 1]
[1, 1]
[1, 1, 1]
[0, 1, 1]
[0, 1, 1]


[1, 1, 1]
[0, 1, 1]
[0, 1, 1]
[0, 1, 1]
[0, 1, 1]
[0, 1, 1]
[0, 1, 1]


[1]
[1]
[1]
[1]
[1]
[1]
[1]
[1]
[1]
[1]
[1]
[1]
[1]
[1]
[1]


[1, 1]
[1, 1, 1]
[0, 1, 1]
[0, 1, 1]
[0, 1, 1]
[0, 1, 1]
[0, 1, 1]


[1, 1, 1]
[0, 1, 1]
[0, 1, 1]
[0, 1, 1]
[0, 1, 1]


[1, 1, 1]
[0, 1, 1]
[0, 1, 1]
[0, 1, 1]
[0, 1, 1]
[0, 1, 1]


[1]
[1]
[1]
[1]
[1]
[1]
[1]
[1]
[1]
[1]
[1]
[1]
[1]
[1]
[1]
[1]
[1]


[1, 1]
[1, 1, 1]


[1, 1, 1, 1]
[0, 1, 1, 1, 1, 1]
[0, 0, 0, 1, 1, 1, 1, 1, 1]
[0, 0, 0, 0, 0, 0, 1, 1, 1, 1]
[0, 0, 0, 0, 0, 0, 0, 0, 1, 1, 1, 1, 1, 1]
[0, 0, 0, 0, 0, 0, 0, 0, 0, 0, 0, 1, 1, 1, 1, 1]
[0, 0, 0, 0, 0, 0, 0, 0, 0, 0, 0, 0, 1, 1, 1, 1, 1]
[0, 0, 0, 0, 0, 0, 0, 0, 0, 0, 0, 0, 0, 1, 1, 1, 1]
[0, 0, 0, 0, 0, 0, 0, 0, 0, 0, 0, 0, 0, 1, 1, 1, 1]
[0, 0, 0, 0, 0, 0, 0, 0, 0, 0, 0, 0, 0, 1, 1, 1, 1]
[0, 0, 0, 0, 0, 0, 0, 0, 0, 0, 0, 0, 0, 1, 1, 1, 1]


[1, 1, 1, 1]
[0, 1, 1, 1, 1, 1]


[1, 1, 1, 1]


[1, 1, 1, 1]


[1]
[1]
[1]
[1]
[1]
[1]
[1]
[1]
[1]
[1]
[1]
[1]
[1]
[1]
[1]


[1, 1]
[1, 1, 1]


[1, 1]
[1, 1]
[1, 1, 1]
[0, 1, 1]


[1, 1]
[1, 1]


[1, 1, 1]
[0, 1, 1]


[1, 1]
[1, 1, 1]
[0, 1, 1]
[0, 1, 1]
[0, 1, 1]
[0, 1, 1]
[0, 1, 1]
[0, 1, 1]


[1, 1, 1, 1]
[0, 1, 1, 1, 1]
[0, 0, 1, 1, 1]


[1, 1, 1]
[0, 1, 1]
[0, 1, 1]
[0, 1, 1]
[0, 1, 1]
[0, 1, 1]


[1]
[1]
[1]
[1]
[1]
[1]
[1]
[1]
[1]
[1]
[1]
[1]
[1]
[1]
[1]


[1, 1, 1, 1]


[1, 1, 1, 1, 1]
[0, 0, 1, 1, 1]
[0, 0, 1, 1, 1]


[1, 1, 1]


[1, 1, 1]
[0, 1, 1]
[0, 1, 1]


[1, 1, 1]
[0, 1, 1]
[0, 1, 1]
[0, 1, 1]
[0, 1, 1]


[1, 1]
[1, 1, 1]


[1]
[1]
[1]
[1]
[1]
[1]
[1]
[1]
[1]
[1]
[1]
[1]
[1]
[1]
[1]
[1]
[1]
[1]


[1, 1]
[1, 1, 1]
[0, 1, 1]
[0, 1, 1]


[1, 1]
[1, 1, 1]
[0, 1, 1]


[1, 1, 1]
[0, 1, 1]


[1, 1]
[1, 1]
[1, 1]
[1, 1, 1]
[0, 1, 1]
[0, 1, 1]


[1, 1]
[1, 1, 1]
[0, 1, 1]
[0, 1, 1]
[0, 1, 1]
[0, 1, 1]


[1, 1, 1]
[0, 1, 1]
[0, 1, 1]
[0, 1, 1]


[1, 1, 1, 1]
[0, 1, 1, 1, 1]
[0, 0, 1, 1, 1, 1]


[1, 1, 1]
[0, 1, 1]
[0, 1, 1]
[0, 1, 1]
[0, 1, 1]


[1, 1, 1]
[0, 1, 1]


[1, 1]
[1, 1, 1]
[0, 1, 1]
[0, 1, 1]


[1, 1, 1, 1]


[1, 1, 1, 1]


[1, 1, 1, 1]
[0, 1, 1, 1]


[1, 1]
[1, 1, 1]


[1, 1]
[1, 1, 1]
[1, 1, 1]


[1, 1, 1]


[1, 1, 1]
[0, 1, 1]
[0, 1, 1]


[1, 1]
[1, 1, 1]
[0, 1, 1]
[0, 1, 1]


[1]
[1]
[1]
[1]
[1]
[1]
[1]
[1]
[1]
[1]
[1]
[1]
[1]


[1, 1]
[1, 1, 1]
[0, 1, 1]


[1, 1, 1]
[0, 1, 1]
[0, 1, 1]


[1, 1]
[1, 1, 1]
[0, 1, 1]
[0, 1, 1]


[1, 1]
[1, 1]
[1, 1, 1]
[0, 1, 1]


[1, 1]
[1, 1, 1]
[0, 1, 1]
[0, 1, 1]


[1, 1]
[1, 1, 1]
[0, 1, 1]
[0, 1, 1]
[0, 1, 1]


[1, 1]
[1, 1, 1]
[0, 1, 1]


[1, 1]
[1, 1]
[1, 1, 1]
[0, 1, 1]
[1, 1, 1]
[0, 1, 1]


[1, 1, 1]
[0, 1, 1]
[1, 1, 1]
[0, 1, 1]
[0, 1, 1]
[0, 1, 1]
[0, 1, 1]


[1, 1, 1]
[0, 1, 1]


[1, 1]
[1, 1, 1]


[1, 1, 1, 1]


[1, 1]
[1, 1, 1]
[0, 1, 1]


[1, 1]
[1, 1, 1]


[1, 1, 1]
[0, 1, 1]
[0, 1, 1]
[0, 1, 1]


[1, 1]
[1, 1, 1]


[1, 1, 1]
[0, 1, 1]
[0, 1, 1]
[0, 1, 1]


[1, 1]
[1, 1]


[1, 1, 1]
[0, 1, 1]
[0, 1, 1]
[0, 1, 1]
[0, 1, 1]


[1, 1]
[1, 1, 1]
[0, 1, 1]
[0, 1, 1]
[0, 1, 1]
[0, 1, 1]


[1, 1]
[1, 1, 1]
[0, 1, 1]


[1, 1, 1]


[1, 1, 1]


[1, 1]
[1, 1, 1]


[1, 1, 1]
[0, 1, 1]
[0, 1, 1]


[1, 1, 1]
[0, 1, 1]


[1]
[1]
[1]
[1]
[1]
[1]
[1]
[1]
[1]
[1]
[1]
[1]
[1]


[1, 1]
[1, 1]
[1, 1, 1]
[1, 1, 1]


[1, 1, 1]
[0, 1, 1]
[0, 1, 1]


[1, 1, 1]
[0, 1, 1]
[0, 1, 1]


[1, 1, 1, 1]


[1, 1, 1]
[1, 1, 1]
[0, 1, 1]


[1, 1]
[1, 1]
[1, 1, 1]


[1, 1]
[1, 1]
[1, 1, 1]


[1, 1]


[1, 1, 1]


[1, 1]
[1, 1, 1]


[1, 1, 1]


[1, 1]
[1, 1]
[1, 1]
[1, 1]


[1, 1, 1, 1]


[1, 1]


[1, 1]
[1, 1, 1]
[1, 1, 1]


[1, 1, 1]


[1, 1]


[1, 1, 1]


[1, 1, 1, 1]


[1, 1, 1]
[0, 1, 1]


[1, 1, 1]
[0, 1, 1]
[0, 1, 1]


[1, 1, 1]
[1, 1, 1]


[1, 1, 1]


[1, 1]
[1, 1]
[1, 1, 1]


[1, 1, 1]


[1, 1]
[1, 1, 1]


[1, 1]
[1, 1, 1]
[0, 1, 1]
[0, 1, 1]
[0, 1, 1]


[1, 1]
[1, 1, 1]


[1, 1, 1]


[1, 1, 1]
[0, 1, 1]
[0, 1, 1]
[0, 1, 1]


[1, 1, 1]


[1, 1, 1]
[0, 1, 1]
[0, 1, 1]
[0, 1, 1]


[1, 1]
[1, 1, 1]


[1, 1]
[1, 1]
[1, 1, 1]
[0, 1, 1]


[1, 1, 1]


[1, 1, 1]


[1, 1, 1]


[1, 1, 1]


[1, 1]


[1, 1, 1]


[1, 1, 1]


[1, 1, 1]


[1, 1, 1]


[1, 1, 1]
[0, 1, 1]
[0, 1, 1]


[1, 1, 1]


[1, 1, 1]


[1, 1, 1]


[1, 1]
[1, 1, 1]
[0, 1, 1]


[1, 1]


[1, 1, 1]


[1, 1, 1]


[1, 1, 1]


[1, 1, 1]


[1, 1]
[1, 1, 1]
[0, 1, 1]


[1, 1, 1]
[1, 1, 1]


[1, 1]


[1, 1, 1]


[1, 1, 1]


[1, 1, 1]


[1, 1, 1]


[1, 1, 1]


[1, 1, 1]


[1, 1, 1]


[1, 1, 1]


[1, 1]
[1, 1, 1]


[1, 1, 1]
[0, 1, 1]
[0, 1, 1]


[1, 1]


[1, 1, 1]


[1, 1, 1]


[1, 1, 1]
[0, 1, 1]
[0, 1, 1]


[1, 1, 1]


[1, 1, 1]


[1, 1, 1]


[1, 1, 1]


[1, 1, 1]


[1, 1, 1]


[1, 1, 1]


[1, 1, 1]


[1, 1, 1]


[1, 1, 1]


[1, 1, 1]


[1, 1, 1]
[1, 1, 1]


[1, 1, 1]


[1, 1, 1]


[1, 1, 1]


[1, 1, 1]


[1, 1, 1]


[1, 1, 1]


[1, 1, 1]


[1, 1, 1]

******************BLOCKING COMPLETED
BLOCK ROWS: 207 of AVG. SIZE: 4.830917874396135
TRUE NONZEROS: 1899 FAKE NONZEROS : 1846, with AVG. in-block DENSITY: 0.5070761014686248
PRINTING BLOCK DISTRIBUTION: size -- blocks with that size
2 --> 73
3 --> 29
4 --> 32
5 --> 23
6 --> 8
7 --> 10
8 --> 5
9 --> 2
10 --> 2
11 --> 1
12 --> 1
13 --> 2
14 --> 4
15 --> 2
16 --> 3
17 --> 2
18 --> 1
19 --> 4
21 --> 1
23 --> 1
48 --> 1
