[1]
[1]


[1, 1, 1]


[1, 1, 1]


[1, 1, 1, 1]


[1, 1, 1]
[0, 1, 1]


[1, 1, 1, 1, 1]
[0, 0, 1, 1, 1, 1, 1, 1]


[1, 1, 1, 1]


[1, 1, 1]


[1, 1, 1]


[1]
[1]
[1]


[1, 1]


[1, 1, 1, 1]


[]
[]
[]
[]
[]
[]
[]
[]
[]
[]
[]
[]
[]
[]
[]
[]
[]
[]
[]
[]
[]
[]
[]
[]
[]
[]
[]
[]
[]
[]
[]
[]
[]
[]
[]
[]
[]
[]
[]
[]
[]
[]
[]
[]
[]
[]
[]
[]
[]
[]
[]
[]
[]
[]
[]
[]


[1, 1]


[1, 1, 1, 1]


[1]
[1]


[1, 1, 1]


[1, 1, 1]


[1, 1, 1]
[0, 1, 1]


[1]
[1]
[1]


[1, 1, 1, 1, 1, 1]


[1, 1, 1, 1]
[0, 1, 1, 1, 1, 1]
[0, 0, 0, 1, 1, 1, 1, 1]
[0, 0, 0, 0, 0, 0, 1, 1, 1, 1, 1, 1, 1]
[0, 0, 0, 0, 0, 0, 0, 0, 0, 0, 1, 1, 1, 1, 1]
[0, 0, 0, 0, 0, 0, 0, 0, 0, 0, 0, 0, 0, 0, 1, 1, 1, 1, 1, 1, 1]
[0, 0, 0, 0, 0, 0, 0, 0, 0, 0, 0, 0, 0, 0, 0, 0, 0, 0, 0, 1, 1, 1, 1, 1, 1]
[0, 0, 0, 0, 0, 0, 0, 0, 0, 0, 0, 0, 0, 0, 0, 0, 0, 0, 0, 0, 0, 0, 0, 1, 1, 1, 1, 1, 1]


[1]
[1]
[1]
[1]
[1]
[1]


[1, 1, 1]


[1]


[1, 1, 1, 1, 1]


[1, 1, 1, 1]


[1, 1, 1]


[1]
[1]
[1]


[1, 1]
[1, 1]


[1]
[1]
[1]


[1, 1, 1, 1, 1, 1]
[0, 0, 0, 1, 1, 1, 1, 1]
[0, 0, 0, 0, 0, 1, 1, 1, 1]
[0, 0, 0, 0, 0, 0, 0, 1, 1, 1, 1, 1, 1]
[0, 0, 0, 0, 0, 0, 0, 0, 0, 0, 0, 1, 1, 1, 1, 1, 1]
[0, 0, 0, 0, 0, 0, 0, 0, 0, 0, 0, 0, 0, 1, 1, 1, 1, 1, 1]
[0, 0, 0, 0, 0, 0, 0, 0, 0, 0, 0, 0, 0, 0, 0, 0, 1, 1, 1, 1, 1, 1]
[0, 0, 0, 0, 0, 0, 0, 0, 0, 0, 0, 0, 0, 0, 0, 0, 0, 0, 1, 1, 1, 1]
[0, 0, 0, 0, 0, 0, 0, 0, 0, 0, 0, 0, 0, 0, 0, 0, 0, 0, 0, 0, 1, 1, 1, 1, 1]
[0, 0, 0, 0, 0, 0, 0, 0, 0, 0, 0, 0, 0, 0, 0, 0, 0, 0, 0, 0, 0, 0, 0, 1, 1, 1, 1, 1]
[0, 0, 0, 0, 0, 0, 0, 0, 0, 0, 0, 0, 0, 0, 0, 0, 0, 0, 0, 0, 0, 0, 0, 0, 1, 1, 1, 1, 1]
[0, 0, 0, 0, 0, 0, 0, 0, 0, 0, 0, 0, 0, 0, 0, 0, 0, 0, 0, 0, 0, 0, 0, 0, 0, 0, 1, 1, 1, 1, 1]
[0, 0, 0, 0, 0, 0, 0, 0, 0, 0, 0, 0, 0, 0, 0, 0, 0, 0, 0, 0, 0, 0, 0, 0, 0, 0, 0, 0, 0, 1, 1, 1, 1, 1]
[0, 0, 0, 0, 0, 0, 0, 0, 0, 0, 0, 0, 0, 0, 0, 0, 0, 0, 0, 0, 0, 0, 0, 0, 0, 0, 0, 0, 0, 0, 1, 1, 1, 1, 1]
[0, 0, 0, 0, 0, 0, 0, 0, 0, 0, 0, 0, 0, 0, 0, 0, 0, 0, 0, 0, 0, 0, 0, 0, 0, 0, 0, 0, 0, 1, 1, 1, 1, 1, 1]
[0, 0, 0, 0, 0, 0, 0, 0, 0, 0, 0, 0, 0, 0, 0, 0, 0, 0, 0, 0, 0, 0, 0, 0, 0, 0, 0, 0, 0, 0, 1, 1, 1, 1, 1]
[0, 0, 0, 0, 0, 0, 0, 0, 0, 0, 0, 0, 0, 0, 0, 0, 0, 0, 0, 0, 0, 0, 0, 0, 0, 0, 0, 0, 0, 0, 1, 1, 1, 1, 1]


[1, 1, 1, 1]


[1]


[1, 1, 1, 1]


[1, 1, 1, 1, 1, 1, 1, 1]


[1, 1]


[1, 1, 1]
[0, 1, 1]
[0, 1, 1]


[1, 1, 1]


[1]
[1]


[1, 1, 1, 1]


[1]
[1]
[1]
[1]
[1]


[1, 1]


[1, 1, 1, 1, 1, 1]


[1, 1, 1, 1]


[1]
[1]
[1]
[1]


[1, 1, 1, 1]


[1, 1]


[1, 1]


[1, 1, 1]


[1, 1, 1]


[1, 1, 1, 1]


[1, 1, 1]


[1, 1]


[1, 1, 1, 1, 1]


[1, 1]


[1]
[1]


[1, 1, 1, 1]


[1, 1, 1]


[1, 1]


[1, 1]


[1, 1, 1, 1]


[1, 1, 1, 1]


[1, 1, 1]


[1, 1, 1]
[1, 1, 1, 1, 1]
[0, 0, 1, 1, 1, 1]


[1, 1, 1, 1]


[1]
[1]


[1, 1, 1]


[1, 1]


[1, 1]


[1]
[1]
[1]


[1, 1, 1]


[1, 1]


[1, 1, 1, 1, 1]
[0, 0, 1, 1, 1, 1, 1]


[1, 1, 1, 1, 1]
[0, 0, 1, 1, 1, 1]


[1, 1, 1]
[0, 1, 1]


[1]
[1]


[1, 1]


[1, 1]


[1, 1]


[1, 1, 1, 1, 1]
[0, 0, 1, 1, 1, 1]
[0, 0, 0, 1, 1, 1, 1]


[1, 1, 1, 1, 1]


[1, 1]
[1, 1, 1]
[0, 1, 1]


[1, 1, 1, 1]


[1, 1, 1]


[1, 1, 1, 1]
[0, 1, 1, 1]


[1, 1, 1, 1]


[1, 1, 1, 1]


[1, 1]


[1, 1]


[1, 1]


[1, 1, 1]


[1, 1, 1]


[1, 1, 1]


[1, 1, 1]


[1]
[1]


[1, 1, 1, 1]


[1, 1]
[1, 1, 1]


[1]
[1]
[1]


[1, 1, 1]


[1, 1]
[1, 1, 1]


[1]
[1]


[1, 1, 1, 1]


[1, 1, 1]
[0, 1, 1]


[1, 1, 1, 1]


[1, 1, 1, 1]


[1]
[1]
[1]
[1]


[1]


[1, 1, 1]


[1, 1, 1, 1]


[1, 1, 1]


[1, 1]


[1, 1, 1]


[1, 1, 1]


[1, 1, 1, 1, 1]


[1, 1]


[1, 1, 1]


[1, 1]


[1, 1]


[1, 1, 1]


[1, 1]


[1, 1, 1, 1]


[1, 1, 1, 1]


[1, 1, 1, 1]


[1, 1, 1]


[1, 1, 1, 1, 1]
[0, 0, 1, 1, 1, 1]


[1, 1]


[1, 1]


[1]


[1, 1, 1, 1]


[1, 1, 1]


[1, 1]
[1, 1, 1]


[1, 1]
[1, 1, 1]


[1, 1]


[1, 1, 1, 1, 1]


[1, 1, 1, 1]


[1, 1]


[1, 1, 1]


[1, 1]


[1, 1, 1, 1]


[1, 1, 1]


[1, 1, 1]
[0, 1, 1]


[1]


[1, 1]


[1, 1, 1]


[1, 1]


[1, 1, 1]
[0, 1, 1]


[1, 1, 1, 1]


[1, 1, 1]
[0, 1, 1]


[1, 1, 1, 1, 1]


[1, 1, 1, 1, 1]


[1, 1, 1]


[1, 1, 1]


[1]
[1]
[1]


[1, 1, 1]


[1, 1, 1]


[1, 1]


[1, 1, 1, 1]


[1, 1]
[1, 1]


[1]


[1, 1]


[1, 1, 1]


[1, 1, 1]


[1]
[1]


[1, 1, 1]


[1, 1, 1]
[0, 1, 1]


[1, 1]


[1, 1]


[1, 1, 1, 1]


[1, 1]


[1, 1, 1, 1, 1]


[1, 1, 1]


[1, 1]


[1, 1]
[1, 1, 1]


[1]


[1, 1, 1]


[1, 1, 1, 1, 1]


[1, 1, 1]
[0, 1, 1]


[1, 1]


[1]
[1]


[1, 1, 1, 1]


[1, 1]


[1]
[1]


[1, 1, 1, 1]


[1, 1, 1]


[1, 1]


[1, 1, 1]


[1]
[1]
[1]


[1, 1, 1]


[1, 1]


[1, 1, 1]


[1, 1]


[1, 1, 1]


[1, 1, 1]


[1, 1, 1]


[1, 1]


[1, 1, 1, 1]


[1]


[1, 1, 1, 1]


[1, 1]
[1, 1, 1]


[1, 1, 1, 1]


[1]
[1]


[1]


[1, 1, 1]
[1, 1, 1, 1]


[1, 1]


[1]
[1]
[1]


[1, 1, 1]
[0, 1, 1]
[0, 1, 1]


[1, 1]


[1, 1, 1]


[1, 1]


[1, 1, 1, 1]


[1, 1]


[1, 1]


[1, 1]


[1, 1, 1, 1]


[1, 1]


[1, 1]


[1, 1, 1]
[0, 1, 1]


[1, 1]


[1, 1, 1]


[1, 1, 1, 1]


[1, 1, 1, 1]


[1, 1]


[1, 1, 1, 1]


[1, 1, 1]


[1, 1, 1]


[1, 1, 1]


[1, 1]


[1]


[1, 1]


[1, 1]


[1, 1]


[1, 1, 1, 1]


[1, 1]


[1, 1, 1]


[1, 1]
[1, 1]


[1, 1, 1, 1]


[1, 1, 1]


[1, 1, 1, 1]


[1, 1, 1]


[1, 1, 1, 1]


[1, 1, 1, 1]


[1, 1, 1, 1]


[1, 1, 1, 1]


[1, 1, 1, 1]


[1, 1]


[1, 1]


[1]
[1]


[1, 1]


[1, 1]


[1, 1]


[1, 1, 1, 1]


[1, 1]


[1, 1, 1]


[1, 1, 1]


[1, 1]


[1, 1, 1, 1]


[1, 1, 1]


[1, 1, 1, 1]


[1, 1]


[1, 1, 1, 1]


[1, 1, 1, 1]


[1, 1]


[1, 1]


[1, 1, 1]


[1, 1, 1]


[1, 1, 1]


[1, 1, 1, 1]


[1, 1]
[1, 1, 1]


[1, 1]
[1, 1]


[1, 1, 1]
[0, 1, 1]


[1, 1, 1]


[1, 1, 1, 1]


[1, 1, 1, 1]


[1, 1, 1]
[0, 1, 1]


[1, 1, 1, 1]


[1, 1]


[1, 1, 1]


[1, 1]


[1, 1, 1]


[1, 1, 1, 1]


[1, 1, 1, 1]


[1, 1]


[1, 1, 1]


[1, 1]


[1]
[1]
[1]
[1]
[1]


[1, 1]


[1, 1, 1, 1]


[1, 1]


[1, 1, 1, 1]


[1, 1, 1]
[0, 1, 1]


[1, 1]


[1, 1]


[1, 1]


[1]


[1, 1, 1]


[1, 1]
[1, 1, 1]


[1]


[1, 1, 1]


[1, 1]


[1, 1]


[1, 1]


[1, 1]


[1, 1]


[1, 1, 1, 1]


[1, 1, 1]


[1, 1, 1]


[1, 1, 1]


[1, 1]


[1, 1, 1]


[1, 1, 1, 1]


[1, 1, 1, 1]


[1, 1, 1]


[1, 1, 1]


[1, 1, 1, 1]


[1, 1, 1, 1]


[1, 1, 1, 1]


[1, 1, 1, 1]


[1, 1, 1]


[1]


[1, 1]


[1, 1, 1]


[1, 1]


[1, 1, 1, 1]


[1, 1, 1]


[1, 1, 1]


[1, 1, 1, 1]


[1, 1, 1]


[1, 1, 1, 1]


[1, 1]


[1, 1, 1]

******************BLOCKING COMPLETED
BLOCK ROWS: 330 of AVG. SIZE: 6.8326693227091635
TRUE NONZEROS: 1216 FAKE NONZEROS : 500, with AVG. in-block DENSITY: 0.7086247086247086
PRINTING BLOCK DISTRIBUTION: size -- blocks with that size
1 --> 265
2 --> 44
3 --> 14
4 --> 2
5 --> 2
6 --> 1
8 --> 1
17 --> 1
