[]
[]
[]
[]
[]
[]
[]
[]
[]
[]
[]
[]
[]
[]
[]
[]
[]
[]
[]
[]
[]
[]
[]
[]
[]
[]
[]
[]
[]
[]
[]
[]
[]
[]
[]
[]
[]
[]
[]
[]
[]
[]
[]
[]
[]
[]
[]
[]
[]
[]
[]
[]
[]
[]
[]
[]
[]
[]
[]
[]
[]
[]
[]
[]
[]
[]
[]
[]
[]
[]
[]
[]
[]
[]
[]
[]
[]
[]
[]
[]
[]
[]
[]
[]
[]
[]
[]
[]
[]
[]
[]
[]
[]
[]
[]
[]
[]
[]
[]
[]
[]
[]
[]
[]
[]
[]
[]
[]
[]
[]
[]
[]
[]
[]
[]
[]
[]
[]
[]
[]
[]
[]
[]
[]
[]
[]
[]
[]
[]
[]
[]
[]
[]
[]
[]
[]
[]
[]
[]
[]
[]
[]
[]
[]
[]
[]
[]
[]
[]
[]
[]
[]
[]
[]
[]
[]
[]
[]
[]
[]
[]
[]
[]
[]
[]
[]
[]
[]
[]
[]
[]
[]
[]
[]
[]
[]
[]
[]
[]
[]
[]
[]
[]
[]
[]
[]
[]
[]
[]
[]
[]
[]
[]
[]
[]
[]
[]
[]
[]
[]
[]
[]
[]
[]
[]
[]
[]
[]
[]
[]
[]
[]
[]
[]
[]
[]
[]
[]
[]
[]
[]
[]
[]
[]
[]
[]
[]
[]
[]
[]
[]
[]
[]
[]
[]
[]
[]
[]
[]
[]
[]
[]
[]
[]
[]
[]
[]
[]
[]
[]
[]
[]
[]
[]
[]
[]
[]
[]
[]
[]
[]
[]
[]
[]
[]
[]
[]
[]
[]
[]
[]
[]
[]
[]
[]
[]
[]
[]
[]
[]
[]
[]
[]
[]
[]
[]
[]
[]
[]
[]
[]
[]
[]
[]
[]
[]
[]
[]
[]
[]
[]
[]
[]
[]
[]
[]
[]
[]
[]
[]
[]
[]
[]
[]
[]
[]
[]
[]
[]
[]
[]
[]
[]
[]
[]
[]
[]
[]
[]
[]
[]
[]
[]
[]
[]
[]
[]
[]
[]
[]
[]
[]
[]
[]
[]
[]
[]
[]
[]
[]
[]
[]
[]
[]
[]
[]
[]
[]
[]
[]


[1, 1, 1]
[0, 1, 1, 1]
[0, 0, 1, 1, 1]
[0, 0, 1, 1, 1, 1]
[0, 0, 0, 0, 1, 1]
[0, 0, 0, 0, 1, 1]
[0, 0, 0, 0, 1, 1]
[0, 0, 0, 0, 1, 1]
[0, 0, 0, 0, 1, 1]
[0, 0, 0, 0, 1, 1]
[0, 0, 0, 0, 1, 1]
[0, 0, 0, 0, 1, 1]
[0, 0, 0, 1, 1, 1, 1]
[0, 0, 0, 0, 1, 1, 1, 1]
[0, 0, 0, 0, 0, 1, 1, 1]
[0, 0, 0, 0, 1, 1, 1, 1]
[0, 0, 0, 0, 0, 1, 1, 1]
[0, 0, 0, 0, 0, 1, 1, 1]
[0, 0, 0, 0, 0, 1, 1, 1]
[0, 0, 0, 0, 1, 1, 1, 1]
[0, 0, 0, 0, 0, 1, 1, 1]
[0, 0, 0, 0, 0, 1, 1, 1]
[0, 0, 0, 0, 0, 1, 1, 1]
[0, 0, 0, 0, 0, 1, 1, 1]
[0, 0, 0, 0, 0, 1, 1, 1, 1]
[0, 0, 0, 0, 0, 0, 1, 1, 1]
[0, 0, 0, 0, 0, 0, 1, 1, 1]
[0, 0, 0, 0, 0, 0, 1, 1, 1]
[0, 0, 0, 0, 0, 0, 1, 1, 1]
[0, 0, 0, 0, 0, 1, 1, 1, 1]
[0, 0, 0, 0, 0, 0, 1, 1, 1]
[0, 0, 0, 0, 0, 0, 1, 1, 1]
[0, 0, 0, 0, 0, 0, 1, 1, 1]
[0, 0, 0, 0, 0, 0, 1, 1, 1]
[0, 0, 0, 0, 0, 0, 1, 1, 1]
[0, 0, 0, 0, 0, 0, 1, 1, 1]
[0, 0, 0, 0, 0, 0, 1, 1, 1]
[0, 0, 0, 0, 0, 0, 1, 1, 1]


[1]
[1]
[1, 1, 1]
[0, 0, 1]
[0, 0, 1]
[0, 0, 1]
[0, 0, 1]
[0, 0, 1]
[0, 0, 1]
[0, 0, 1]
[0, 0, 1]
[0, 0, 1]
[0, 0, 1]
[0, 1, 1]
[0, 0, 1]
[0, 0, 1]
[0, 0, 1]
[0, 0, 1]
[0, 0, 1]
[0, 0, 1]
[0, 0, 1]
[0, 0, 1]
[0, 0, 1]
[0, 0, 1]
[0, 1, 1]
[0, 0, 1]
[0, 0, 1]
[0, 0, 1]
[0, 0, 1]
[0, 1, 1, 1]
[0, 0, 1, 1, 1, 1]
[0, 0, 0, 0, 1, 1]
[0, 0, 0, 1, 1, 1]
[0, 0, 0, 1, 1, 1]
[0, 0, 0, 1, 1, 1]
[0, 0, 0, 0, 1, 1]
[0, 0, 0, 0, 1, 1]
[0, 0, 0, 0, 1, 1]
[0, 0, 0, 0, 1, 1]
[0, 0, 0, 0, 1, 1]
[0, 0, 0, 0, 1, 1]
[0, 0, 0, 0, 1, 1]
[0, 0, 0, 0, 1, 1]
[0, 0, 0, 0, 1, 1]
[0, 0, 0, 0, 1, 1]
[0, 0, 0, 0, 1, 1]
[0, 0, 0, 0, 1, 1]
[0, 0, 0, 0, 1, 1]
[0, 0, 0, 1, 1, 1]
[0, 0, 0, 0, 1, 1]
[0, 0, 0, 0, 1, 1]
[0, 0, 0, 0, 1, 1]
[0, 0, 0, 0, 1, 1]
[0, 0, 0, 0, 1, 1]
[0, 0, 0, 0, 1, 1]
[0, 0, 0, 0, 1, 1]
[0, 0, 0, 0, 1, 1]
[0, 0, 0, 0, 1, 1]
[0, 0, 0, 0, 1, 1]
[0, 0, 0, 0, 1, 1]
[0, 0, 0, 0, 1, 1]
[0, 0, 0, 0, 1, 1]
[0, 0, 0, 0, 1, 1]
[0, 0, 0, 0, 1, 1]
[0, 0, 0, 0, 1, 1]
[0, 0, 0, 1, 1, 1]
[0, 0, 0, 0, 1, 1]
[0, 0, 0, 0, 1, 1]
[0, 0, 0, 0, 1, 1]
[0, 0, 0, 0, 1, 1]
[0, 0, 0, 0, 1, 1]
[0, 0, 0, 0, 1, 1]
[0, 0, 0, 0, 1, 1]
[0, 0, 0, 1, 1, 1]
[0, 0, 0, 0, 1, 1]


[1]
[1]
[1]
[1, 1]
[0, 1]
[0, 1, 1]
[0, 0, 1]
[0, 0, 1]
[0, 1, 1]
[0, 0, 1]
[0, 0, 1]
[0, 1, 1]
[0, 0, 1]
[0, 0, 1]
[0, 0, 1]
[0, 1, 1, 1, 1]
[0, 0, 0, 1, 1]
[0, 0, 0, 1, 1]
[0, 0, 0, 1, 1, 1]
[0, 0, 0, 0, 1, 1]
[0, 0, 0, 0, 1, 1]
[0, 0, 0, 0, 1, 1]
[0, 0, 0, 0, 1, 1]
[0, 0, 0, 0, 1, 1]
[0, 0, 0, 0, 1, 1]
[0, 0, 0, 0, 1, 1]
[0, 0, 0, 0, 1, 1]
[0, 0, 0, 0, 1, 1]
[0, 0, 0, 0, 1, 1]
[0, 0, 0, 1, 1, 1]
[0, 0, 0, 0, 1, 1]
[0, 0, 0, 0, 1, 1]
[0, 0, 0, 0, 1, 1]
[0, 0, 0, 0, 1, 1]
[0, 0, 0, 0, 1, 1]
[0, 0, 0, 0, 1, 1]
[0, 0, 0, 0, 1, 1]
[0, 0, 0, 0, 1, 1]
[0, 0, 0, 0, 1, 1]
[0, 0, 0, 0, 1, 1]
[0, 0, 0, 0, 1, 1]
[0, 0, 0, 1, 1, 1]
[0, 0, 0, 0, 1, 1]
[0, 0, 0, 0, 1, 1]
[0, 0, 0, 0, 1, 1]
[0, 0, 0, 0, 1, 1]
[0, 0, 0, 0, 1, 1]
[0, 0, 0, 0, 1, 1]
[0, 0, 0, 0, 1, 1]
[0, 0, 0, 0, 1, 1]
[0, 0, 0, 0, 1, 1]
[0, 0, 0, 0, 1, 1]
[0, 0, 0, 0, 1, 1]
[0, 0, 0, 0, 1, 1]


[1, 1]
[0, 1]
[0, 1]
[0, 1]
[0, 1, 1]
[0, 1, 1]
[0, 0, 1]
[0, 0, 1]
[0, 1, 1, 1]
[0, 0, 1, 1]
[0, 0, 1, 1]
[0, 0, 1, 1]
[0, 0, 1, 1]
[0, 0, 1, 1]
[0, 0, 1, 1]
[0, 0, 1, 1]
[0, 0, 1, 1]
[0, 0, 1, 1]
[0, 0, 1, 1]
[0, 0, 1, 1]
[0, 0, 1, 1, 1]
[0, 0, 0, 1, 1]
[0, 0, 0, 1, 1]
[0, 0, 0, 1, 1]
[0, 0, 0, 1, 1, 1]
[0, 0, 0, 0, 1, 1]
[0, 0, 0, 0, 1, 1]
[0, 0, 0, 1, 1, 1]
[0, 0, 0, 0, 1, 1]
[0, 0, 0, 0, 1, 1]
[0, 0, 0, 0, 1, 1]
[0, 0, 0, 0, 1, 1]
[0, 0, 0, 0, 1, 1]
[0, 0, 0, 0, 1, 1]
[0, 0, 0, 0, 1, 1]
[0, 0, 0, 0, 1, 1]
[0, 0, 0, 0, 1, 1]
[0, 0, 0, 0, 1, 1]
[0, 0, 0, 0, 1, 1]
[0, 0, 0, 0, 1, 1]
[0, 0, 0, 0, 1, 1]
[0, 0, 0, 0, 1, 1]


[1, 1]
[1, 1, 1, 1]
[0, 0, 1, 1]
[0, 0, 1, 1]
[0, 1, 1, 1]
[0, 0, 1, 1, 1]
[0, 0, 0, 1, 1]
[0, 0, 0, 1, 1]
[0, 0, 0, 1, 1, 1]
[0, 0, 0, 0, 1, 1]
[0, 0, 0, 0, 1, 1]
[0, 0, 0, 0, 1, 1]
[0, 0, 0, 0, 1, 1]
[0, 0, 0, 0, 1, 1]
[0, 0, 0, 0, 1, 1]
[0, 0, 0, 0, 1, 1]
[0, 0, 0, 0, 1, 1]
[0, 0, 0, 0, 1, 1]
[0, 0, 0, 0, 1, 1]
[0, 0, 0, 0, 1, 1]
[0, 0, 0, 0, 1, 1]
[0, 0, 0, 0, 1, 1]
[0, 0, 0, 0, 1, 1]
[0, 0, 0, 0, 1, 1]
[0, 0, 0, 0, 1, 1]
[0, 0, 0, 0, 1, 1]
[0, 0, 0, 1, 1, 1, 1]


[1]
[1]
[1]
[1]
[1]
[1]
[1, 1]
[0, 1]
[0, 1]
[0, 1]
[0, 1]
[0, 1]
[0, 1]
[0, 1]
[0, 1, 1]
[0, 0, 1]
[0, 0, 1]
[0, 0, 1]
[0, 0, 1]
[0, 0, 1]
[0, 1, 1]
[0, 0, 1]
[0, 0, 1]
[0, 0, 1]
[0, 0, 1]
[0, 0, 1]
[0, 0, 1]
[0, 0, 1]
[0, 0, 1]
[0, 1, 1]
[0, 0, 1]
[0, 0, 1]
[0, 0, 1]
[0, 0, 1]
[0, 0, 1]
[0, 0, 1]
[0, 0, 1]
[0, 0, 1]
[0, 0, 1]
[0, 0, 1]
[0, 0, 1]
[0, 0, 1]
[0, 0, 1]
[0, 1, 1]
[0, 0, 1]
[0, 0, 1]
[0, 0, 1]
[0, 0, 1]
[0, 0, 1]
[0, 1, 1]
[0, 0, 1]
[0, 0, 1]
[0, 0, 1]
[0, 0, 1]
[0, 0, 1]
[0, 0, 1]
[0, 0, 1]
[0, 0, 1]
[0, 0, 1]
[0, 0, 1]
[0, 0, 1]
[0, 0, 1]
[0, 0, 1]
[0, 0, 1]
[0, 0, 1]
[0, 0, 1]
[0, 0, 1]
[0, 0, 1]
[0, 0, 1]
[0, 0, 1]
[0, 0, 1]
[0, 0, 1]
[0, 0, 1]
[0, 0, 1]
[0, 0, 1]
[0, 0, 1]
[0, 0, 1]
[0, 0, 1]
[0, 0, 1]
[0, 0, 1]
[0, 0, 1]
[0, 0, 1]
[0, 0, 1]
[0, 0, 1]
[0, 0, 1]
[0, 0, 1]
[0, 0, 1]
[0, 0, 1]
[0, 0, 1]
[0, 0, 1]
[0, 0, 1]
[0, 0, 1]
[0, 0, 1]
[0, 0, 1]
[0, 0, 1]
[0, 0, 1]
[0, 0, 1]
[0, 0, 1]
[0, 0, 1]
[0, 0, 1]
[0, 0, 1]
[0, 0, 1]


[1, 1]
[1, 1]
[0, 1]
[0, 1]
[0, 1]
[0, 1]
[0, 1, 1]
[0, 0, 1]
[0, 0, 1]
[0, 1, 1, 1]
[0, 0, 1, 1, 1]
[0, 0, 0, 1, 1]
[0, 0, 0, 1, 1]
[0, 0, 0, 1, 1, 1]
[0, 0, 0, 0, 1, 1]
[0, 0, 0, 0, 1, 1]
[0, 0, 0, 0, 1, 1]
[0, 0, 0, 0, 1, 1]
[0, 0, 0, 0, 1, 1]
[0, 0, 0, 0, 1, 1]
[0, 0, 0, 0, 1, 1]
[0, 0, 0, 0, 1, 1]
[0, 0, 0, 0, 1, 1]


[1]
[1]
[1, 1]
[0, 1]
[0, 1]
[0, 1]
[0, 1]
[0, 1]
[0, 1]
[0, 1]
[0, 1]
[0, 1]
[0, 1]
[0, 1]
[0, 1]
[0, 1]
[0, 1]
[0, 1]
[0, 1]
[0, 1]
[0, 1]
[0, 1]
[0, 1, 1]
[0, 0, 1]
[0, 0, 1]
[0, 0, 1]
[0, 0, 1]
[0, 0, 1]
[0, 0, 1]
[0, 0, 1]
[0, 0, 1]
[0, 0, 1]
[0, 0, 1]
[0, 0, 1]
[0, 0, 1]
[0, 0, 1]
[0, 0, 1]
[0, 0, 1]
[0, 0, 1]
[0, 0, 1]
[0, 0, 1]
[0, 0, 1]
[0, 0, 1]
[0, 0, 1]
[0, 0, 1]
[0, 0, 1]
[0, 0, 1]
[0, 0, 1]
[0, 0, 1]
[0, 0, 1]
[0, 0, 1]
[0, 0, 1]
[0, 0, 1]
[0, 0, 1]
[0, 0, 1]
[0, 0, 1]
[0, 0, 1]
[0, 0, 1]
[0, 0, 1]
[0, 0, 1]
[0, 0, 1]
[0, 0, 1]
[0, 0, 1]
[0, 0, 1]
[0, 1, 1]
[0, 0, 1]
[0, 0, 1]
[0, 0, 1]
[0, 0, 1]
[0, 0, 1]
[0, 0, 1]
[0, 0, 1]
[0, 0, 1]
[0, 0, 1]
[0, 0, 1]
[0, 0, 1]
[0, 0, 1]
[0, 0, 1]
[0, 0, 1]
[0, 0, 1]
[0, 0, 1]
[0, 0, 1]
[0, 0, 1]
[0, 0, 1]
[0, 0, 1]
[0, 0, 1]
[0, 0, 1]
[0, 0, 1]
[0, 0, 1]
[0, 0, 1]
[0, 0, 1]
[0, 0, 1]
[0, 0, 1]
[0, 0, 1]
[0, 0, 1]
[0, 0, 1]
[0, 0, 1]
[0, 0, 1]
[0, 0, 1]
[0, 0, 1]
[0, 0, 1]
[0, 0, 1]
[0, 0, 1]
[0, 0, 1]
[0, 0, 1]
[0, 0, 1]
[0, 0, 1]
[0, 0, 1]
[0, 0, 1]
[0, 0, 1]
[0, 0, 1]
[0, 0, 1]
[0, 0, 1]
[0, 0, 1]
[0, 0, 1]
[0, 0, 1]
[0, 0, 1]
[0, 0, 1]
[0, 0, 1]
[0, 0, 1]
[0, 0, 1]
[0, 0, 1]
[0, 0, 1]
[0, 0, 1]
[0, 0, 1]


[1, 1]
[0, 1, 1]
[0, 0, 1]
[0, 0, 1]
[0, 0, 1]
[0, 0, 1]
[0, 0, 1]
[0, 0, 1]
[0, 0, 1]
[0, 0, 1]
[0, 0, 1]
[0, 0, 1]
[0, 0, 1]
[0, 0, 1]
[0, 0, 1]
[0, 0, 1]
[0, 0, 1]
[0, 1, 1]
[0, 0, 1]
[0, 0, 1]
[0, 0, 1]
[0, 0, 1]
[0, 0, 1]
[0, 0, 1]
[0, 0, 1]
[0, 0, 1]
[0, 0, 1]
[0, 0, 1]
[0, 0, 1]
[0, 0, 1]
[0, 0, 1]
[0, 0, 1]
[0, 0, 1]
[0, 0, 1]
[0, 1, 1]
[0, 0, 1]
[0, 0, 1]
[0, 0, 1]
[0, 0, 1]
[0, 0, 1]
[0, 0, 1]
[0, 0, 1]
[0, 1, 1]
[0, 1, 1]
[0, 0, 1]
[0, 0, 1]
[0, 0, 1]
[0, 0, 1]
[0, 0, 1]
[0, 0, 1]
[0, 0, 1]
[0, 0, 1]
[0, 0, 1]
[0, 0, 1]
[0, 0, 1]
[0, 0, 1]
[0, 0, 1]
[0, 0, 1]
[0, 0, 1]
[0, 0, 1]
[0, 0, 1]
[0, 0, 1]
[0, 0, 1]
[0, 0, 1]
[0, 0, 1]
[0, 0, 1]
[0, 0, 1]


[1]
[1, 1]
[0, 1, 1]
[0, 0, 1]
[0, 0, 1]
[0, 0, 1]
[0, 1, 1, 1]
[0, 0, 1, 1]
[0, 0, 1, 1]
[0, 1, 1, 1]
[0, 0, 1, 1]
[0, 0, 1, 1]
[0, 1, 1, 1]


[1]
[1]
[1, 1]
[0, 1, 1]
[0, 1, 1]


[1]
[1]
[1]
[1]
[1]


[1]
[1]
[1]
[1]
[1]
[1]
[1]
[1]
[1]
[1]
[1]
[1]
[1]
[1]
[1]
[1]
[1]
[1]
[1]
[1]
[1]
[1]
[1]
[1]
[1]
[1]
[1]
[1]
[1]
[1]
[1]
[1]
[1]
[1]
[1]
[1]
[1]
[1]
[1, 1]
[0, 1]
[1, 1]
[0, 1, 1]


[1]
[1]
[1]
[1]
[1]
[1]
[1]
[1]
[1]
[1]
[1]
[1]
[1]
[1]
[1]
[1]
[1]
[1]
[1]
[1]
[1]


[1, 1]

******************BLOCKING COMPLETED
BLOCKS: 15 of AVG. SIZE: 66.66666666666667
TRUE NONZEROS: 951 FAKE NONZEROS : 1433, with AVG. in-block DENSITY: 0.39890939597315433
PRINTING BLOCK DISTRIBUTION: size -- blocks with that size
2 --> 1
6 --> 2
14 --> 1
22 --> 1
24 --> 1
28 --> 1
39 --> 1
43 --> 2
55 --> 1
68 --> 1
76 --> 1
103 --> 1
126 --> 1
