[1, 1, 1, 1, 1, 1, 1]
[0, 1, 1, 1, 1, 1, 1]


[1, 1, 1, 1, 1]


[1, 1, 1, 1]


[1, 1, 1, 1, 1]


[1]
[1, 1]
[1, 1]
[1, 1]
[0, 1]


[1, 1, 1, 1]
[0, 1, 1, 1]
[0, 1, 1, 1]
[0, 1, 1, 1]


[1, 1, 1]
[0, 1, 1]


[1, 1, 1, 1, 1]


[1, 1, 1, 1, 1]


[1, 1, 1]


[1, 1, 1, 1, 1]
[0, 1, 1, 1, 1]


[1, 1, 1, 1, 1, 1, 1]


[1, 1, 1, 1, 1, 1]
[0, 1, 1, 1, 1, 1]
[0, 1, 1, 1, 1, 1]
[0, 1, 1, 1, 1, 1]


[1, 1, 1, 1, 1]
[0, 1, 1, 1, 1]


[1, 1, 1]
[1, 1, 1]


[1, 1, 1, 1, 1, 1]


[1, 1, 1, 1, 1]


[1, 1, 1, 1, 1]


[1, 1, 1, 1, 1]
[0, 1, 1, 1, 1]


[1, 1, 1, 1, 1]


[1, 1, 1, 1, 1]
[0, 1, 1, 1, 1]
[0, 1, 1, 1, 1]


[1, 1, 1]
[0, 1, 1]


[1, 1, 1, 1]
[0, 1, 1, 1]


[1, 1]
[0, 1]
[1, 1, 1]
[1, 1, 1, 1]


[1, 1, 1]
[0, 1, 1]
[1, 1, 1]
[0, 1, 1]


[1, 1, 1]


[1, 1, 1, 1]


[1, 1, 1, 1, 1, 1]


[1, 1, 1, 1, 1]


[1, 1, 1, 1, 1]


[1, 1]
[1, 1, 1]
[0, 1, 1]
[1, 1, 1, 1]


[1, 1, 1]
[1, 1, 1]
[1, 1, 1, 1]


[1, 1]
[1, 1, 1]


[1, 1, 1, 1, 1, 1]
[0, 1, 1, 1, 1, 1]


[1, 1, 1, 1, 1]


[1]
[1, 1]
[0, 1]


[1, 1, 1]


[1, 1]


[1, 1, 1, 1, 1, 1, 1]
[0, 1, 1, 1, 1, 1, 1]


[1, 1, 1, 1, 1, 1]


[1, 1, 1, 1, 1]


[1]


[1, 1, 1]
[0, 1, 1]
[1, 1, 1]


[1, 1, 1]


[1, 1, 1]


[1, 1, 1, 1, 1]


[1, 1, 1]


[1, 1, 1, 1, 1]


[1, 1, 1, 1, 1]


[1, 1, 1, 1, 1]


[1, 1]
[0, 1]


[1, 1]


[1, 1, 1, 1, 1]


[1, 1, 1, 1, 1]


[1, 1, 1]


[1, 1, 1, 1, 1]


[1, 1, 1, 1]


[1, 1, 1, 1, 1]


[1, 1, 1, 1]


[1, 1, 1, 1, 1]


[]

******************BLOCKING COMPLETED
BLOCK ROWS: 60 of AVG. SIZE: 1.6666666666666667
TRUE NONZEROS: 370 FAKE NONZEROS : 33, with AVG. in-block DENSITY: 0.9181141439205955
PRINTING BLOCK DISTRIBUTION: size -- blocks with that size
1 --> 38
2 --> 12
3 --> 4
4 --> 5
5 --> 1
