[1]
[0, 1, 1]
[0, 0, 1]
[0, 0, 1, 1]
[0, 0, 0, 1]
[0, 0, 0, 1]
[0, 0, 0, 1]
[0, 0, 0, 1]
[0, 0, 0, 1]
[0, 0, 1, 1]
[0, 1, 1, 1]
[0, 0, 0, 1]
[0, 0, 0, 1]
[0, 0, 0, 1]
[0, 0, 0, 1]
[0, 0, 0, 1]
[0, 0, 1, 1]
[0, 0, 0, 1]
[0, 0, 0, 1]
[0, 0, 0, 1]
[0, 0, 0, 1]
[0, 0, 0, 1]
[0, 0, 1, 1]
[0, 0, 0, 1]
[0, 0, 1, 1, 1]
[0, 0, 0, 1, 1]
[0, 0, 1, 1, 1]
[0, 0, 0, 1, 1]
[0, 0, 0, 1, 1]
[0, 0, 0, 1, 1]
[0, 0, 0, 1, 1]
[0, 0, 0, 1, 1]
[0, 0, 0, 1, 1]
[0, 0, 1, 1, 1]
[0, 0, 0, 1, 1]
[0, 0, 0, 1, 1]
[0, 0, 0, 1, 1]
[0, 0, 1, 1, 1]
[0, 0, 1, 1, 1]
[0, 0, 0, 1, 1]
[0, 0, 0, 1, 1]


[]
[]
[]
[]
[]
[]
[]
[]
[]
[]
[]
[]
[]
[]
[]
[]
[]
[]
[]
[]
[]
[]
[]
[]
[]
[]
[]
[]
[]
[]
[]
[]
[]
[]
[]
[]
[]
[]
[]
[]
[]
[]
[]
[]
[]
[]
[]
[]
[]
[]
[]
[]
[]
[]
[]
[]
[]
[]
[]
[]
[]
[]
[]
[]
[]
[]
[]
[]
[]
[]
[]
[]
[]
[]
[]
[]
[]
[]
[]
[]
[]
[]
[]
[]
[]
[]
[]
[]
[]
[]
[]
[]
[]
[]
[]
[]
[]
[]
[]
[]
[]
[]
[]
[]
[]
[]
[]
[]
[]
[]
[]
[]
[]
[]
[]
[]
[]
[]
[]
[]
[]
[]
[]
[]
[]
[]
[]
[]
[]
[]
[]
[]
[]
[]
[]
[]
[]
[]
[]
[]
[]
[]
[]
[]
[]
[]
[]
[]
[]
[]
[]
[]
[]
[]
[]
[]
[]
[]
[]
[]
[]
[]
[]
[]
[]
[]
[]
[]
[]
[]
[]
[]
[]
[]
[]
[]
[]
[]
[]
[]
[]
[]


[1]
[0, 1]
[1, 1]
[0, 0, 1]
[0, 0, 1]
[0, 1, 1]
[0, 0, 1]
[0, 0, 1]
[0, 0, 1, 1]
[0, 0, 0, 1]
[0, 0, 0, 1]
[0, 0, 0, 1]
[0, 0, 0, 1]
[0, 0, 0, 1]
[0, 0, 0, 1]
[0, 0, 1, 1]
[0, 0, 0, 1]
[0, 0, 1, 1]
[0, 0, 0, 1]
[0, 0, 1, 1]
[0, 1, 1, 1]
[0, 0, 0, 1]
[0, 1, 1, 1]
[0, 0, 0, 1]
[0, 0, 0, 1]
[0, 0, 0, 1]
[0, 0, 0, 1]
[0, 0, 0, 1]
[0, 0, 1, 1, 1]
[0, 0, 1, 1, 1]
[0, 0, 0, 1, 1]
[0, 0, 0, 1, 1]
[0, 0, 0, 1, 1]
[0, 0, 0, 1, 1]
[0, 0, 0, 1, 1]
[0, 0, 1, 1, 1, 1]
[0, 0, 0, 1, 1, 1]


[1]
[0, 1]
[0, 0, 1]
[0, 0, 1, 1]
[0, 0, 0, 1]
[0, 0, 0, 1]
[0, 0, 0, 1]
[0, 0, 1, 1]
[0, 0, 0, 1]
[0, 1, 1, 1]
[0, 0, 0, 1]
[0, 0, 1, 1]
[0, 0, 0, 1]
[0, 0, 0, 1]
[0, 0, 0, 1]
[0, 0, 0, 1]
[0, 0, 0, 1]
[0, 0, 1, 1, 1]
[0, 0, 0, 1, 1]
[0, 0, 0, 1, 1]
[0, 0, 0, 1, 1]
[0, 0, 0, 1, 1]
[0, 0, 0, 1, 1]
[0, 0, 1, 1, 1]
[0, 0, 0, 1, 1]
[0, 0, 0, 1, 1]
[0, 0, 0, 1, 1]
[0, 0, 1, 1, 1]
[0, 0, 0, 1, 1]
[0, 0, 0, 1, 1]
[0, 0, 0, 1, 1]


[1, 1]
[0, 1, 1]
[0, 1, 1, 1]
[0, 0, 0, 1]
[0, 0, 0, 1]
[0, 0, 1, 1]
[0, 0, 1, 1]
[0, 0, 0, 1]
[0, 1, 1, 1, 1]
[0, 0, 1, 1, 1]
[0, 0, 0, 1, 1]
[0, 0, 0, 1, 1]
[0, 0, 1, 1, 1]
[0, 0, 0, 1, 1]
[0, 0, 0, 1, 1]
[0, 0, 0, 1, 1]
[0, 0, 0, 1, 1]
[0, 0, 0, 1, 1]
[0, 0, 0, 1, 1]


[1, 1, 1]
[0, 0, 1, 1]
[0, 0, 1, 1]
[0, 0, 1, 1]
[0, 0, 0, 1]
[0, 0, 0, 1]
[0, 1, 1, 1, 1]
[0, 0, 0, 1, 1]
[0, 0, 0, 1, 1]
[0, 0, 0, 1, 1]
[0, 0, 0, 1, 1]
[0, 0, 0, 1, 1]
[0, 1, 1, 1, 1, 1]
[0, 0, 1, 1, 1, 1]
[0, 0, 0, 1, 1, 1]


[1, 1]
[0, 1, 1]
[0, 0, 1, 1]
[0, 0, 0, 1]
[0, 0, 0, 1]
[0, 0, 0, 1]
[0, 0, 0, 1]
[0, 0, 0, 1]
[0, 0, 0, 1]
[0, 0, 0, 1]
[0, 0, 0, 1]
[0, 0, 0, 1]
[0, 0, 0, 1]
[0, 0, 1, 1, 1]
[0, 0, 0, 1, 1]
[0, 0, 1, 1, 1]
[0, 0, 0, 1, 1]
[0, 0, 0, 1, 1]


[1, 1]
[0, 1, 1]
[0, 0, 1, 1]
[0, 0, 0, 1]
[0, 0, 0, 1]
[0, 1, 1, 1]
[0, 0, 0, 1]
[0, 0, 0, 1]
[0, 0, 0, 1]
[0, 0, 0, 1]
[0, 0, 0, 1]
[0, 0, 0, 1]
[0, 0, 0, 1]
[0, 0, 0, 1]
[0, 0, 0, 1]
[0, 0, 0, 1]
[0, 0, 0, 1]
[0, 0, 0, 1]
[0, 0, 0, 1]
[0, 0, 0, 1]
[0, 0, 0, 1]
[0, 0, 0, 1]
[0, 0, 0, 1]
[0, 0, 0, 1]
[0, 0, 0, 1]
[0, 0, 0, 1]
[0, 0, 0, 1]
[0, 0, 0, 1]
[0, 0, 0, 1]
[0, 0, 1, 1]
[0, 0, 1, 1, 1]
[0, 0, 1, 1, 1]


[1, 1, 1, 1]
[0, 0, 0, 1]
[0, 0, 0, 1]
[0, 0, 0, 1]
[0, 0, 0, 1]
[0, 0, 0, 1]
[0, 0, 0, 1]
[0, 0, 0, 1]
[0, 0, 0, 1]
[0, 0, 0, 1]
[0, 0, 1, 1]
[0, 0, 1, 1]
[0, 0, 0, 1]
[0, 0, 0, 1]
[0, 0, 0, 1]
[0, 0, 0, 1]
[0, 0, 0, 1]
[0, 0, 0, 1]
[0, 0, 0, 1]
[0, 0, 0, 1]
[0, 0, 0, 1]
[0, 0, 0, 1]
[0, 0, 0, 1]
[0, 0, 0, 1]
[0, 0, 0, 1]
[0, 0, 0, 1]
[0, 0, 0, 1]
[0, 0, 0, 1]
[0, 0, 0, 1]
[0, 0, 0, 1]
[0, 0, 0, 1]
[0, 0, 0, 1]
[0, 0, 0, 1]
[0, 0, 0, 1]
[0, 0, 0, 1]
[0, 0, 0, 1]
[0, 0, 0, 1]
[0, 0, 0, 1]
[0, 0, 1, 1]
[0, 0, 0, 1]
[0, 0, 0, 1]
[0, 0, 0, 1]
[0, 0, 0, 1]
[0, 0, 0, 1]


[1]
[1]
[1]
[0, 1]
[0, 0, 1]
[0, 0, 1]
[0, 0, 1]
[0, 0, 1]
[0, 0, 1]
[0, 0, 1]
[0, 0, 1, 1]
[0, 0, 0, 1]
[0, 0, 0, 1]
[0, 0, 0, 1]
[0, 0, 0, 1]
[0, 0, 0, 1]
[0, 0, 0, 1]
[0, 0, 0, 1]
[0, 0, 0, 1]
[0, 0, 0, 1]
[0, 0, 0, 1]
[0, 0, 0, 1]
[0, 0, 0, 1]
[0, 0, 0, 1]
[0, 0, 0, 1]
[0, 0, 0, 1]
[0, 0, 1, 1, 1]
[0, 0, 0, 1, 1]
[0, 0, 0, 1, 1]


[1]
[1]
[1]
[1]
[0, 1, 1]
[0, 0, 1, 1]
[0, 0, 0, 1]
[0, 0, 0, 1]
[0, 0, 0, 1]
[0, 0, 1, 1]
[0, 0, 0, 1]
[0, 0, 0, 1]
[0, 0, 0, 1]
[0, 0, 0, 1]
[0, 0, 0, 1]
[0, 0, 0, 1]
[0, 0, 0, 1]
[0, 0, 1, 1]
[0, 0, 0, 1]
[0, 0, 0, 1]
[0, 0, 1, 1]
[0, 0, 0, 1]
[0, 0, 0, 1]
[0, 0, 1, 1]
[0, 0, 0, 1]


[1]
[1]
[1]
[1]
[1]
[0, 1]
[0, 1]
[0, 1]
[0, 0, 1]
[0, 1, 1]
[0, 1, 1]
[0, 0, 1]
[0, 0, 1]
[0, 0, 1]
[0, 0, 1]
[0, 1, 1, 1]
[0, 0, 0, 1]
[0, 0, 0, 1]
[0, 0, 0, 1]
[0, 0, 0, 1]
[0, 0, 0, 1]


[1, 1]
[0, 1]
[0, 1]
[0, 1]
[0, 1]
[0, 1]

******************BLOCKING COMPLETED
BLOCK ROWS: 12 of AVG. SIZE: 395.6607142857143
TRUE NONZEROS: 478 FAKE NONZEROS : 801, with AVG. in-block DENSITY: 0.3737294761532447
PRINTING BLOCK DISTRIBUTION: size -- blocks with that size
6 --> 1
15 --> 1
18 --> 1
19 --> 1
21 --> 1
25 --> 1
29 --> 1
31 --> 1
32 --> 1
37 --> 1
41 --> 1
44 --> 1
