[1]
[1]
[1]
[1]
[1]
[1]


[1]
[1]
[1]
[1]
[1]
[1]


[1]
[1]
[1]
[1]
[1]
[1]


[1, 1]
[0, 1]
[0, 1]
[0, 1]
[0, 1]
[0, 1]


[1]
[1]
[1]
[1]
[1]
[1]


[]
[]
[]
[]
[]
[]


[1, 1]
[0, 1]
[0, 1]
[0, 1]
[0, 1]
[0, 1]


[1]
[1]
[1]
[1]
[1]
[1]


[]
[]
[]
[]
[]
[]


[]
[]
[]
[]
[]
[]


[1, 1]
[1, 1]
[0, 1]
[1, 1]
[0, 1]
[0, 1]


[]
[]
[]
[]
[]
[]


[1]
[1]
[1]
[1]
[1]
[1]


[1, 1, 1]
[0, 0, 1]
[0, 0, 1]
[0, 0, 1]
[0, 0, 1]
[0, 0, 1]


[]
[]
[]
[]
[]
[]


[1]
[1]
[1]
[1]
[1]
[1]


[]
[]
[]
[]
[]
[]


[1, 1]
[1, 1]
[0, 1]
[0, 1]
[0, 1]
[0, 1]


[1, 1]
[0, 1]
[0, 1]
[0, 1]
[0, 1]
[0, 1]


[]
[]
[]
[]
[]
[]


[]
[]
[]
[]
[]
[]


[]
[]
[]
[]
[]
[]


[1]
[1]
[1]
[1]
[1]
[1]


[1, 1]
[0, 1]
[0, 1]
[0, 1]
[0, 1]
[0, 1]


[]
[]
[]
[]
[]
[]


[1, 1]
[0, 1]
[0, 1]
[0, 1]
[0, 1]
[0, 1]


[]
[]
[]
[]
[]
[]


[1, 1]
[0, 1]
[0, 1]
[0, 1]
[0, 1]
[0, 1]


[]
[]
[]
[]
[]
[]


[]
[]
[]
[]
[]
[]


[]
[]
[]
[]
[]
[]


[1, 1, 1]
[0, 0, 1]
[0, 0, 1]
[0, 0, 1]
[0, 1, 1]
[0, 0, 1]


[1, 1]
[0, 1]
[1, 1]
[0, 1]
[0, 1]
[0, 1]


[1, 1]
[0, 1]
[0, 1]
[0, 1]
[0, 1]
[0, 1]


[]
[]
[]
[]
[]
[]


[1, 1]
[0, 1]
[0, 1]
[0, 1]
[0, 1]
[0, 1]


[1, 1]
[0, 1]
[0, 1]
[0, 1]
[0, 1]
[0, 1]


[]
[]
[]
[]
[]
[]


[]
[]
[]
[]
[]
[]


[]
[]
[]
[]
[]
[]


[]
[]
[]
[]
[]
[]


[1, 1]
[0, 1]
[0, 0, 1]
[0, 1, 1]
[0, 0, 0, 1]
[0, 0, 0, 0, 1]


[]
[]
[]
[]
[]
[]


[]
[]
[]
[]
[]
[]


[]
[]
[]
[]
[]
[]


[]
[]
[]
[]
[]
[]


[1, 1]
[0, 1]
[0, 1]
[0, 0, 1]


[]
[]
[]
[]
[]
[]


[1, 1]
[0, 1]
[0, 1]
[0, 1]
[0, 1]


[]
[]
[]
[]
[]
[]


[1, 1, 1]
[0, 1, 1]
[0, 0, 1]
[0, 0, 1]
[0, 0, 1]
[0, 0, 1]


[]
[]
[]
[]
[]
[]


[1]
[1]
[1]
[1]
[1]
[1]


[]
[]
[]
[]
[]
[]


[]
[]
[]
[]
[]
[]


[]
[]
[]
[]
[]
[]


[]
[]
[]
[]
[]
[]


[]
[]
[]
[]
[]
[]


[1, 1]
[1, 1]
[1, 1]


[1, 1]
[0, 1]
[0, 1, 1]


[]
[]
[]
[]
[]
[]


[1, 1]
[0, 1]
[0, 1]
[0, 1]
[0, 1]
[0, 1]


[]
[]
[]
[]
[]
[]


[1, 1]
[0, 1, 1]


[]
[]
[]
[]
[]
[]


[]
[]
[]
[]
[]
[]


[1, 1, 1]
[0, 1, 1]


[]
[]
[]
[]
[]
[]


[1, 1]


[1, 1, 1]
[0, 1, 1]


[]
[]
[]
[]
[]
[]


[]
[]
[]
[]
[]
[]


[1, 1]


[1, 1]


[1, 1]


[1, 1]


[]
[]
[]
[]
[]
[]


[1, 1, 1]


[1, 1]


[]
[]
[]
[]
[]
[]


[]
[]
[]
[]
[]
[]


[]
[]
[]
[]
[]
[]


[]
[]
[]
[]
[]
[]


[]
[]
[]
[]
[]
[]


[]
[]
[]
[]
[]
[]


[1, 1]


[]
[]
[]
[]
[]
[]


[1, 1]


[]
[]
[]
[]
[]
[]


[]
[]
[]
[]
[]
[]


[]
[]
[]
[]
[]
[]


[1, 1]


[]
[]
[]
[]
[]
[]


[1, 1]
[0, 1, 1]


[]
[]
[]
[]
[]
[]


[]
[]
[]
[]
[]

******************BLOCKING COMPLETED
BLOCK ROWS: 44 of AVG. SIZE: 11.363636363636363
TRUE NONZEROS: 244 FAKE NONZEROS : 121, with AVG. in-block DENSITY: 0.6684931506849315
PRINTING BLOCK DISTRIBUTION: size -- blocks with that size
1 --> 10
2 --> 4
3 --> 2
4 --> 1
5 --> 1
6 --> 26
