[]
[]
[]
[]
[]
[]
[]
[]
[]
[]
[]
[]
[]
[]
[]
[]
[]
[]
[]
[]
[]
[]
[]
[]
[]
[]
[]
[]
[]
[]
[]
[]
[]
[]
[]
[]
[]
[]
[]
[]
[]
[]
[]
[]
[]
[]
[]
[]
[]
[]
[]
[]
[]
[]
[]
[]
[]
[]
[]
[]
[]
[]
[]
[]
[]
[]
[]
[]
[]
[]
[]
[]
[]
[]
[]
[]
[]
[]
[]
[]
[]
[]


[1]
[0, 1]
[0, 0, 1]
[0, 0, 1]
[0, 0, 0, 1]
[0, 0, 0, 0, 1]
[0, 0, 0, 0, 0, 1]
[0, 0, 0, 0, 0, 0, 1]
[0, 0, 0, 0, 0, 0, 1]
[0, 0, 0, 0, 0, 0, 1, 1]
[0, 0, 0, 0, 0, 0, 0, 1]
[0, 0, 0, 0, 0, 0, 0, 1]


[1]
[0, 1]
[0, 0, 1]
[0, 0, 0, 1]
[0, 0, 0, 1, 1]
[0, 0, 0, 0, 0, 1]

******************BLOCKING COMPLETED
BLOCK ROWS: 2 of AVG. SIZE: 50.0
TRUE NONZEROS: 20 FAKE NONZEROS : 75, with AVG. in-block DENSITY: 0.21052631578947367
PRINTING BLOCK DISTRIBUTION: size -- blocks with that size
6 --> 1
12 --> 1
