[1, 1, 1, 1, 1]
[0, 0, 0, 1, 1, 1, 1, 1]
[0, 0, 0, 0, 0, 0, 1, 1, 1, 1]
[0, 0, 0, 0, 0, 0, 0, 0, 1, 1, 1, 1]
[0, 0, 0, 0, 0, 0, 0, 0, 0, 0, 1, 1, 1, 1]
[0, 0, 0, 0, 0, 0, 0, 0, 0, 0, 0, 0, 1, 1, 1, 1]
[0, 0, 0, 0, 0, 0, 0, 0, 0, 0, 0, 0, 0, 1, 1, 1, 1]
[0, 0, 0, 0, 0, 0, 0, 0, 0, 0, 0, 0, 0, 1, 1, 1, 1]
[0, 0, 0, 0, 0, 0, 0, 0, 0, 0, 0, 0, 0, 0, 1, 1, 1, 1]
[0, 0, 0, 0, 0, 0, 0, 0, 0, 0, 0, 0, 0, 0, 1, 1, 1, 1]
[0, 0, 0, 0, 0, 0, 0, 0, 0, 0, 0, 0, 0, 0, 1, 1, 1, 1]
[0, 0, 0, 0, 0, 0, 0, 0, 0, 0, 0, 0, 0, 0, 0, 1, 1, 1, 1]


[1]
[1]
[1]
[1]


[1, 1]


[1, 1]


[]
[]
[]
[]
[]
[]
[]
[]
[]
[]
[]
[]


[1]
[1]


[1, 1]


[1, 1, 1]
[0, 1, 1, 1]
[0, 0, 1, 1, 1]


[1, 1]


[1, 1]
[1, 1, 1]
[0, 1, 1, 1]
[0, 0, 1, 1]


[1]
[1]
[1]
[1]


[1]
[1]


[1, 1, 1, 1]


[1]
[1]
[1]


[1, 1]
[1, 1, 1]


[1, 1]
[1, 1, 1]


[1, 1, 1]
[0, 1, 1, 1]
[0, 0, 1, 1, 1]


[1]


[1, 1, 1]
[0, 1, 1]
[0, 1, 1, 1]


[1, 1]


[1]


[1]
[1]


[1, 1]
[1, 1, 1]


[1, 1, 1, 1]
[0, 0, 1, 1, 1]


[1, 1]


[1]


[1]
[1]
[1]


[1, 1]


[1]
[1]


[1, 1, 1, 1]


[1]
[1]


[1, 1, 1]
[0, 1, 1]


[1]


[1, 1]
[1, 1, 1]


[1, 1]


[1, 1]


[1, 1]


[1, 1]


[1, 1]


[1, 1]


[1, 1]


[1]


[1, 1]


[1, 1]


[1, 1, 1]


[1, 1]


[1]


[1, 1]

******************BLOCKING COMPLETED
BLOCK ROWS: 47 of AVG. SIZE: 2.127659574468085
TRUE NONZEROS: 195 FAKE NONZEROS : 162, with AVG. in-block DENSITY: 0.5462184873949579
PRINTING BLOCK DISTRIBUTION: size -- blocks with that size
1 --> 27
2 --> 11
3 --> 5
4 --> 3
12 --> 1
