[1, 1, 1]
[1, 1, 1, 1]


[1, 1]
[1, 1, 1]
[0, 1, 1]


[1]
[1]
[1]
[1]


[1]
[1]
[1]
[1]
[1]


[1]


[1]
[1]
[1]
[1]


[1, 1, 1]
[0, 1, 1]
[0, 1, 1]


[1]
[1]
[1]
[1]
[1]


[1, 1, 1, 1]


[1, 1, 1, 1, 1]


[1, 1, 1]


[1, 1, 1, 1, 1, 1]
[0, 0, 1, 1, 1, 1]


[1, 1, 1]
[0, 1, 1]
[0, 1, 1]


[1, 1]
[1, 1]


[1, 1]
[1, 1]
[1, 1]
[1, 1, 1]
[0, 1, 1]


[1, 1, 1]
[0, 1, 1]


[1, 1, 1]
[0, 1, 1]
[0, 1, 1]


[1, 1, 1]
[0, 1, 1]
[0, 1, 1]
[0, 1, 1]


[]
[]
[]
[]
[]
[]
[]
[]
[]
[]


[1, 1, 1]
[0, 1, 1]
[0, 1, 1]
[0, 1, 1]


[1, 1]
[1, 1, 1]


[1, 1]


[1, 1]
[1, 1, 1]
[0, 1, 1]


[1, 1]


[1, 1, 1, 1, 1]
[1, 1, 1, 1, 1, 1, 1]


[1, 1]
[1, 1, 1]


[1]
[1]


[1]
[1]
[1]


[1]
[1]
[1]


[1, 1]


[1]
[1]


[1, 1]


[1, 1]


[1, 1, 1]
[0, 1, 1]
[0, 1, 1]


[1, 1]
[1, 1]


[1, 1]


[1]


[1, 1]


[1, 1]


[1, 1, 1]


[1, 1, 1]

******************BLOCKING COMPLETED
BLOCK ROWS: 40 of AVG. SIZE: 2.5
TRUE NONZEROS: 187 FAKE NONZEROS : 28, with AVG. in-block DENSITY: 0.8697674418604651
PRINTING BLOCK DISTRIBUTION: size -- blocks with that size
1 --> 15
2 --> 10
3 --> 8
4 --> 4
5 --> 3
