[1, 1]


[1, 1, 1]


[1, 1, 1, 1]


[1, 1, 1, 1]
[0, 1, 1, 1, 1, 1]


[1, 1, 1, 1, 1, 1]


[1, 1, 1, 1, 1, 1, 1]


[1, 1, 1, 1, 1, 1, 1, 1, 1]


[1, 1, 1, 1, 1, 1, 1, 1, 1]


[1, 1, 1, 1, 1, 1, 1]


[1, 1, 1, 1, 1]


[1, 1, 1, 1, 1, 1]


[1, 1]


[1, 1, 1, 1, 1, 1, 1]


[1, 1, 1, 1, 1]


[1, 1, 1, 1, 1]


[1, 1, 1, 1, 1, 1, 1, 1]


[1, 1, 1, 1, 1]
[0, 0, 1, 1, 1]


[1, 1, 1, 1]


[1, 1, 1]


[1, 1]


[1, 1, 1, 1, 1, 1, 1]


[1, 1, 1]


[1, 1]
[0, 1]


[1, 1, 1, 1, 1, 1, 1, 1]


[1, 1, 1, 1]


[1, 1, 1]


[1]


[1, 1, 1, 1, 1, 1, 1]


[1, 1, 1, 1]
[0, 1, 1, 1, 1, 1, 1]


[1, 1, 1, 1, 1]


[1, 1, 1, 1]
[0, 1, 1, 1]


[1, 1, 1]


[1, 1, 1]


[1, 1, 1, 1]


[1, 1, 1, 1]


[1, 1, 1]


[1, 1, 1, 1, 1]


[1, 1, 1, 1, 1]


[1, 1, 1, 1, 1]


[1, 1, 1, 1, 1]


[1, 1, 1, 1]


[1, 1, 1, 1, 1, 1]


[1, 1, 1, 1, 1]


[1, 1, 1, 1, 1]


[1, 1, 1, 1, 1, 1]
[0, 0, 0, 1, 1, 1, 1]


[1, 1, 1]


[1, 1, 1, 1, 1]
[0, 0, 1, 1, 1, 1]


[1, 1, 1, 1, 1]


[1, 1, 1, 1, 1, 1, 1]


[1, 1, 1, 1, 1, 1, 1]


[1, 1, 1, 1, 1]


[1, 1]


[1, 1, 1, 1, 1, 1]


[1, 1, 1, 1]


[1, 1, 1, 1]


[1, 1]
[1, 1, 1, 1]


[1, 1, 1, 1]


[1, 1, 1, 1, 1, 1]


[1, 1, 1, 1, 1, 1]


[1, 1, 1, 1, 1, 1, 1, 1]


[1, 1, 1, 1, 1, 1, 1, 1]


[1, 1, 1, 1]


[1, 1, 1, 1, 1]


[1, 1, 1, 1, 1, 1]


[1, 1, 1, 1]


[1, 1, 1, 1, 1, 1, 1, 1]


[1, 1, 1, 1, 1, 1, 1, 1]


[1, 1, 1, 1, 1, 1, 1]


[1, 1, 1]


[1, 1, 1, 1, 1, 1]


[1, 1, 1, 1, 1, 1, 1, 1]


[1, 1, 1]


[1, 1, 1]


[1, 1, 1, 1, 1, 1]


[1, 1, 1, 1, 1, 1, 1, 1]


[1, 1, 1, 1]


[1, 1, 1, 1]


[1, 1, 1, 1]


[1, 1, 1, 1, 1]


[1, 1, 1, 1, 1]


[1, 1, 1, 1, 1]


[1, 1, 1]


[1, 1, 1]


[1, 1, 1, 1]


[1, 1, 1, 1, 1, 1, 1]


[1, 1, 1, 1, 1]


[1, 1]


[1, 1, 1]


[1, 1, 1, 1]


[1, 1]


[1, 1, 1, 1, 1, 1]


[1, 1, 1, 1, 1]

******************BLOCKING COMPLETED
BLOCK ROWS: 92 of AVG. SIZE: 1.0869565217391304
TRUE NONZEROS: 476 FAKE NONZEROS : 20, with AVG. in-block DENSITY: 0.9596774193548387
PRINTING BLOCK DISTRIBUTION: size -- blocks with that size
1 --> 84
2 --> 8
