[1, 1, 1]
[0, 0, 1, 1]
[0, 1, 1, 1, 1, 1]
[0, 0, 0, 1, 1, 1]
[0, 0, 1, 1, 1, 1, 1]


[1, 1, 1, 1, 1]
[0, 1, 1, 1, 1, 1]
[0, 0, 0, 1, 1, 1]


[1, 1, 1, 1]
[0, 0, 1, 1, 1]
[0, 0, 0, 1, 1]
[0, 0, 1, 1, 1, 1]
[0, 0, 0, 1, 1, 1]


[1, 1, 1]
[0, 1, 1, 1, 1]
[0, 0, 0, 1, 1]
[0, 0, 0, 1, 1]
[0, 0, 0, 1, 1]
[0, 0, 1, 1, 1, 1]
[0, 0, 0, 1, 1, 1]
[0, 0, 0, 1, 1, 1]


[1, 1, 1, 1, 1, 1]
[0, 0, 0, 1, 1, 1]
[0, 1, 1, 1, 1, 1, 1, 1]
[0, 0, 0, 1, 1, 1, 1, 1]


[1]
[0, 1, 1]
[0, 1, 1, 1, 1]
[0, 0, 1, 1, 1, 1]
[0, 0, 1, 1, 1, 1, 1]
[0, 0, 0, 1, 1, 1, 1]
[0, 0, 0, 1, 1, 1, 1]


[1, 1, 1]
[0, 0, 1, 1]
[0, 0, 1, 1]
[0, 0, 1, 1, 1]
[0, 0, 0, 1, 1]
[0, 0, 1, 1, 1, 1]
[0, 0, 0, 1, 1, 1]
[0, 0, 1, 1, 1, 1, 1]


[1, 1, 1, 1]
[0, 0, 1, 1, 1]
[0, 0, 1, 1, 1, 1]
[0, 0, 1, 1, 1, 1, 1]


[1, 1, 1]
[0, 0, 1, 1]
[0, 0, 1, 1, 1]
[0, 0, 1, 1, 1]
[0, 0, 1, 1, 1, 1]
[0, 0, 0, 1, 1, 1]
[0, 0, 0, 1, 1, 1]


[1, 1, 1, 1]
[0, 0, 1, 1, 1]
[0, 1, 1, 1, 1, 1, 1]


[1, 1, 1, 1, 1, 1, 1, 1]


[1, 1, 1]
[0, 0, 1]
[0, 1, 1, 1, 1]
[0, 0, 0, 1, 1]
[0, 0, 1, 1, 1, 1]
[0, 0, 1, 1, 1, 1, 1]


[1, 1, 1, 1, 1, 1, 1]


[]
[]
[]
[]
[]
[]
[]


[1, 1, 1, 1, 1, 1]
[0, 0, 0, 1, 1, 1]
[0, 0, 0, 1, 1, 1]
[0, 0, 1, 1, 1, 1]
[0, 0, 1, 1, 1, 1, 1]


[1, 1, 1, 1, 1, 1, 1]
[0, 0, 0, 1, 1, 1, 1]
[0, 0, 1, 1, 1, 1, 1, 1]
[0, 0, 0, 1, 1, 1, 1, 1]


[1, 1]
[0, 1, 1, 1]
[0, 0, 1, 1, 1]
[0, 0, 1, 1, 1, 1]
[0, 0, 1, 1, 1, 1]
[0, 0, 1, 1, 1, 1, 1]
[0, 0, 1, 1, 1, 1, 1]


[1, 1, 1, 1, 1, 1]
[0, 0, 1, 1, 1, 1, 1]


[1, 1]
[1, 1, 1, 1, 1]
[0, 0, 1, 1, 1, 1]


[1, 1, 1]
[0, 0, 1, 1]
[0, 0, 1, 1]
[0, 0, 1, 1]
[0, 1, 1, 1, 1, 1]
[0, 0, 0, 1, 1, 1]
[0, 0, 1, 1, 1, 1, 1]
[0, 0, 0, 1, 1, 1, 1]
[0, 0, 0, 1, 1, 1, 1]
[0, 0, 0, 1, 1, 1, 1]


[1, 1, 1, 1, 1, 1, 1]
[0, 0, 0, 1, 1, 1, 1]
[0, 0, 0, 1, 1, 1, 1]


[1, 1, 1]
[0, 1, 1, 1, 1]
[0, 0, 1, 1, 1, 1]
[0, 0, 0, 1, 1, 1]
[0, 0, 0, 1, 1, 1]
[0, 0, 0, 1, 1, 1]
[0, 0, 1, 1, 1, 1, 1]
[0, 1, 1, 1, 1, 1, 1, 1, 1]


[1, 1, 1, 1, 1, 1]
[0, 0, 0, 1, 1, 1]
[0, 1, 1, 1, 1, 1, 1]
[0, 0, 0, 1, 1, 1, 1]


[1, 1, 1, 1, 1, 1, 1]
[0, 1, 1, 1, 1, 1, 1, 1, 1]


[1, 1, 1]
[0, 1, 1, 1, 1]
[0, 0, 1, 1, 1, 1]
[0, 0, 0, 1, 1, 1]
[0, 0, 0, 1, 1, 1]


[1, 1, 1, 1, 1, 1]
[0, 0, 0, 1, 1, 1]
[0, 0, 0, 1, 1, 1]


[1, 1, 1, 1, 1]
[0, 0, 0, 1, 1]
[0, 0, 0, 1, 1]
[0, 0, 0, 1, 1]
[0, 0, 1, 1, 1, 1]


[1, 1, 1, 1, 1]
[0, 0, 1, 1, 1, 1]


[1, 1, 1, 1, 1, 1]
[0, 0, 1, 1, 1, 1, 1]


[1, 1, 1]
[0, 1, 1, 1]
[0, 0, 1, 1, 1]
[0, 0, 0, 1, 1]
[0, 0, 0, 1, 1]
[0, 0, 0, 1, 1]
[0, 0, 0, 1, 1]
[0, 0, 0, 1, 1]
[0, 0, 0, 1, 1]
[0, 0, 1, 1, 1, 1]


[1, 1, 1]
[0, 0, 1, 1]
[0, 1, 1, 1, 1]
[0, 0, 1, 1, 1]
[0, 0, 1, 1, 1]
[0, 0, 1, 1, 1, 1]
[0, 0, 1, 1, 1, 1, 1]


[1, 1, 1, 1]
[0, 0, 0, 1]
[0, 0, 1, 1, 1]
[0, 0, 0, 1, 1]
[0, 0, 1, 1, 1, 1]
[0, 0, 1, 1, 1, 1, 1]


[1, 1, 1, 1, 1, 1]
[0, 0, 1, 1, 1, 1]
[0, 1, 1, 1, 1, 1, 1]


[1, 1, 1, 1]
[0, 0, 1, 1, 1]
[0, 0, 0, 1, 1]
[0, 0, 1, 1, 1, 1]
[0, 0, 0, 1, 1, 1]
[0, 0, 1, 1, 1, 1, 1]


[1, 1, 1, 1, 1, 1]
[0, 1, 1, 1, 1, 1, 1, 1]


[1, 1, 1, 1]
[0, 0, 0, 1]
[0, 0, 0, 1]
[0, 0, 1, 1, 1]
[0, 0, 0, 1, 1]
[0, 0, 1, 1, 1, 1]
[0, 0, 0, 1, 1, 1]


[1, 1, 1, 1]
[0, 0, 1, 1, 1]
[0, 0, 0, 1, 1]
[0, 0, 0, 1, 1]
[0, 0, 0, 1, 1]


[1, 1, 1]
[0, 1, 1, 1]
[0, 0, 1, 1]
[0, 0, 0, 1]
[0, 0, 1, 1, 1]
[0, 0, 1, 1, 1, 1]
[0, 0, 0, 1, 1, 1]


[1, 1]
[0, 1, 1, 1]
[0, 0, 1, 1, 1]
[0, 0, 0, 1, 1]
[0, 0, 0, 1, 1]
[0, 0, 0, 1, 1]
[0, 0, 0, 1, 1]
[0, 0, 0, 1, 1]


[1, 1]
[0, 0, 1]
[0, 0, 1]
[0, 1, 1, 1, 1]
[0, 0, 1, 1, 1, 1]
[0, 0, 0, 1, 1, 1]
[0, 0, 1, 1, 1, 1, 1]


[1, 1, 1, 1]
[0, 0, 1, 1, 1]
[0, 1, 1, 1, 1, 1]
[0, 0, 0, 1, 1, 1]
[0, 0, 0, 1, 1, 1]
[0, 0, 0, 1, 1, 1]
[0, 0, 0, 1, 1, 1]
[0, 0, 0, 1, 1, 1]


[1, 1, 1, 1, 1, 1, 1]
[0, 0, 0, 1, 1, 1, 1]
[0, 0, 0, 1, 1, 1, 1]


[1, 1, 1, 1]
[0, 0, 1, 1, 1]
[0, 1, 1, 1, 1, 1]
[0, 0, 1, 1, 1, 1, 1]


[1, 1, 1]
[0, 0, 1, 1]
[0, 0, 1, 1, 1]
[0, 0, 1, 1, 1, 1]


[1, 1]
[1, 1, 1, 1]
[0, 1, 1, 1, 1]
[0, 1, 1, 1, 1, 1, 1]
[0, 0, 1, 1, 1, 1, 1, 1]


[1, 1, 1, 1]
[0, 1, 1, 1, 1]
[0, 0, 1, 1, 1, 1]
[0, 0, 1, 1, 1, 1, 1]


[1, 1, 1, 1, 1, 1, 1]
[0, 0, 0, 1, 1, 1, 1]


[1, 1, 1]
[0, 1, 1, 1, 1]
[0, 0, 1, 1, 1, 1]


[1, 1]
[0, 1, 1, 1]
[0, 0, 1, 1, 1]
[0, 0, 0, 1, 1]


[1, 1, 1, 1, 1, 1, 1, 1]


[1, 1, 1]
[0, 1, 1, 1]
[1, 1, 1, 1, 1, 1]


[1, 1, 1]
[0, 0, 1, 1]
[0, 0, 1, 1, 1]
[0, 0, 0, 1, 1]
[0, 0, 0, 1, 1]
[0, 0, 0, 1, 1]
[0, 1, 1, 1, 1]
[0, 0, 1, 1, 1, 1]
[0, 0, 0, 1, 1, 1]


[1, 1, 1, 1, 1, 1]
[0, 0, 0, 1, 1, 1]
[0, 0, 0, 1, 1, 1]
[0, 0, 0, 1, 1, 1]
[0, 0, 1, 1, 1, 1, 1]


[1, 1, 1, 1, 1]
[0, 0, 1, 1, 1, 1]
[0, 0, 0, 1, 1, 1]


[1, 1, 1, 1, 1]
[0, 1, 1, 1, 1, 1, 1]
[0, 0, 0, 1, 1, 1, 1]


[1, 1, 1, 1, 1]
[0, 0, 1, 1, 1, 1]
[0, 0, 0, 1, 1, 1]


[1, 1, 1]
[0, 1, 1, 1]
[0, 0, 1, 1, 1]
[0, 0, 1, 1, 1, 1]
[0, 0, 0, 1, 1, 1]


[1, 1, 1]
[0, 0, 1]
[0, 1, 1]
[1, 1, 1, 1]
[0, 0, 0, 1]
[0, 1, 1, 1, 1, 1]
[0, 0, 0, 1, 1, 1]


[1, 1, 1, 1, 1]
[0, 0, 0, 1, 1]
[0, 0, 1, 1, 1, 1]


[1, 1]
[0, 1, 1, 1]
[0, 0, 0, 1]
[0, 0, 1, 1, 1]
[0, 0, 0, 1, 1]
[0, 0, 1, 1, 1, 1]


[1, 1, 1, 1]
[0, 0, 1, 1, 1]
[0, 1, 1, 1, 1, 1, 1]
[0, 0, 1, 1, 1, 1, 1, 1]


[1, 1, 1, 1]
[0, 1, 1, 1]
[0, 0, 0, 1]
[0, 0, 0, 1]
[0, 0, 0, 1]
[0, 0, 0, 1]
[0, 1, 1, 1, 1, 1]


[1, 1, 1]
[1, 1, 1, 1]
[0, 0, 1, 1, 1]
[0, 0, 0, 1, 1]
[0, 0, 0, 1, 1]
[0, 0, 0, 1, 1]


[1, 1, 1, 1, 1]
[0, 0, 0, 1, 1]
[0, 0, 0, 1, 1]
[0, 1, 1, 1, 1, 1]
[0, 1, 1, 1, 1, 1, 1]
[0, 0, 0, 1, 1, 1, 1]


[1, 1, 1, 1, 1, 1, 1]


[1, 1, 1]
[0, 1, 1, 1, 1]
[0, 0, 0, 1, 1]
[0, 0, 0, 1, 1]
[0, 0, 0, 1, 1]


[1, 1, 1, 1, 1]
[0, 0, 1, 1, 1, 1]


[1, 1, 1, 1]
[0, 0, 0, 1]
[0, 1, 1, 1, 1]
[0, 0, 1, 1, 1]
[0, 1, 1, 1, 1, 1, 1]


[1, 1, 1]
[0, 0, 1, 1]
[0, 0, 0, 1]
[0, 1, 1, 1, 1]
[0, 0, 1, 1, 1, 1]
[0, 0, 0, 1, 1, 1]


[1, 1, 1, 1, 1]
[0, 0, 1, 1, 1, 1]
[0, 0, 1, 1, 1, 1, 1]


[1, 1]
[0, 1, 1, 1]
[0, 0, 1, 1, 1]
[0, 1, 1, 1, 1, 1, 1]


[1, 1, 1]
[0, 1, 1, 1]
[0, 0, 0, 1]
[0, 0, 1, 1, 1]
[0, 0, 1, 1, 1, 1]
[0, 0, 0, 1, 1, 1]


[1, 1, 1]
[0, 1, 1, 1, 1]
[0, 0, 0, 1, 1]
[0, 0, 0, 1, 1]
[0, 0, 0, 1, 1]


[1, 1, 1, 1]
[0, 0, 1, 1, 1]
[0, 0, 1, 1, 1, 1]


[1, 1, 1, 1]
[0, 0, 1, 1, 1]
[0, 0, 0, 1, 1]
[0, 0, 0, 1, 1]


[1, 1, 1, 1, 1, 1]
[0, 0, 0, 1, 1, 1]


[1, 1, 1, 1, 1]
[0, 0, 1, 1, 1, 1]
[0, 0, 0, 1, 1, 1]


[1, 1, 1, 1, 1]
[0, 0, 1, 1, 1, 1]
[0, 0, 0, 1, 1, 1]


[1, 1, 1, 1, 1]
[0, 0, 1, 1, 1, 1]


[1, 1, 1]
[0, 0, 1]
[0, 0, 1, 1]
[0, 0, 0, 1]
[0, 0, 0, 1]
[0, 1, 1, 1, 1, 1]


[1, 1, 1, 1, 1, 1]
[0, 0, 0, 1, 1, 1]


[1, 1, 1, 1, 1, 1]
[0, 0, 1, 1, 1, 1]


[1, 1, 1, 1, 1]
[0, 0, 1, 1, 1, 1]
[0, 0, 1, 1, 1, 1, 1]


[1, 1, 1, 1]
[0, 1, 1, 1, 1, 1]


[1, 1, 1, 1]
[0, 1, 1, 1, 1]
[0, 0, 1, 1, 1, 1]


[1, 1, 1, 1]
[0, 1, 1, 1, 1]
[0, 0, 0, 1, 1]
[0, 0, 1, 1, 1, 1]


[1, 1, 1]
[1, 1, 1]
[1, 1, 1, 1, 1, 1]
[0, 0, 1, 1, 1, 1, 1]


[1, 1, 1, 1]
[0, 0, 1, 1, 1]
[0, 0, 0, 1, 1]
[0, 0, 0, 1, 1]


[1, 1, 1]
[0, 1, 1, 1, 1]
[0, 0, 1, 1, 1, 1]


[1, 1, 1, 1, 1, 1]
[0, 0, 1, 1, 1, 1, 1]


[1, 1, 1, 1]
[0, 1, 1, 1, 1, 1]


[1, 1]
[0, 1]
[1, 1, 1, 1, 1]


[1, 1, 1, 1, 1, 1]
[0, 0, 0, 1, 1, 1]
[0, 0, 0, 1, 1, 1]


[1, 1, 1, 1]
[0, 0, 1, 1, 1]


[1, 1, 1, 1]
[0, 0, 1, 1, 1]


[1, 1, 1, 1, 1, 1, 1]


[1, 1, 1, 1]
[0, 0, 1, 1, 1]
[0, 1, 1, 1, 1, 1, 1]
[0, 0, 0, 1, 1, 1, 1]


[1, 1]
[0, 1, 1]
[0, 1, 1, 1, 1]


[1, 1, 1, 1]
[0, 0, 1, 1, 1]
[0, 0, 1, 1, 1, 1]


[1, 1, 1]
[0, 1, 1, 1]
[0, 0, 1, 1, 1]
[0, 0, 0, 1, 1]
[0, 1, 1, 1, 1, 1]


[1, 1, 1, 1, 1, 1]


[1, 1, 1, 1, 1, 1]


[1, 1, 1, 1, 1]
[0, 0, 1, 1, 1, 1]


[1, 1, 1, 1, 1, 1, 1, 1, 1, 1]


[1, 1, 1, 1]
[0, 0, 1, 1, 1]
[0, 0, 0, 1, 1]
[0, 0, 1, 1, 1, 1]


[1, 1, 1, 1, 1, 1, 1]
[0, 0, 0, 1, 1, 1, 1]


[1, 1, 1, 1, 1, 1, 1, 1, 1]


[1, 1, 1, 1, 1, 1]


[1, 1, 1, 1, 1, 1]


[1, 1, 1, 1]
[0, 0, 0, 1]


[1, 1, 1, 1, 1, 1, 1, 1]


[1, 1, 1, 1]
[0, 0, 0, 1]
[0, 0, 1, 1, 1]


[1, 1]
[0, 1, 1, 1]


[1, 1, 1, 1, 1, 1, 1]


[1, 1, 1, 1]
[0, 0, 0, 1]
[0, 0, 1, 1, 1]


[1, 1, 1, 1]
[0, 1, 1, 1, 1, 1]


[1, 1, 1, 1, 1, 1]


[1, 1, 1, 1]


[1, 1, 1, 1, 1, 1, 1]
[0, 0, 0, 1, 1, 1, 1]


[1, 1, 1, 1, 1, 1, 1, 1]


[1, 1, 1, 1, 1, 1, 1, 1]


[1, 1, 1, 1]
[0, 1, 1, 1, 1]
[0, 0, 0, 1, 1]


[1, 1, 1, 1]
[0, 0, 1, 1]
[0, 1, 1, 1, 1, 1]


[1, 1, 1]
[0, 0, 1, 1]


[1, 1]
[0, 1, 1]


[1, 1, 1, 1, 1, 1, 1, 1]


[1, 1, 1, 1, 1, 1]


[1, 1]
[0, 1, 1]
[0, 1, 1, 1]
[0, 0, 0, 1]


[1, 1, 1, 1, 1, 1]


[1, 1, 1]


[1, 1, 1, 1, 1, 1, 1, 1]


[1, 1, 1, 1, 1, 1]


[1, 1]
[0, 1]
[0, 0, 1]
[0, 1, 1, 1]
[0, 0, 1, 1]


[1, 1]
[1, 1, 1, 1, 1]


[1, 1, 1, 1, 1, 1, 1]


[1, 1, 1, 1]
[0, 0, 1, 1]


[1, 1, 1, 1, 1, 1, 1, 1]


[1, 1, 1]


[1, 1, 1, 1, 1, 1]


[1, 1, 1, 1]


[1, 1, 1, 1, 1]


[1, 1, 1, 1, 1, 1, 1, 1]


[1, 1, 1, 1]


[1, 1, 1, 1, 1, 1]


[1, 1, 1, 1]

******************BLOCKING COMPLETED
BLOCK ROWS: 144 of AVG. SIZE: 10.845211581291759
TRUE NONZEROS: 1816 FAKE NONZEROS : 981, with AVG. in-block DENSITY: 0.64926707186271
PRINTING BLOCK DISTRIBUTION: size -- blocks with that size
1 --> 33
2 --> 26
3 --> 28
4 --> 17
5 --> 14
6 --> 9
7 --> 9
8 --> 5
9 --> 1
10 --> 2
