[]
[]
[]
[]
[]
[]
[]
[]
[]
[]
[]
[]
[]
[]
[]
[]
[]
[]
[]
[]
[]
[]
[]
[]
[]
[]
[]
[]
[]
[]
[]
[]
[]
[]
[]
[]
[]
[]


[1]
[0, 1]
[0, 0, 1, 1]
[0, 0, 0, 1, 1, 1]
[0, 0, 0, 0, 0, 1]
[0, 0, 0, 0, 0, 1]
[0, 0, 0, 0, 0, 1]
[0, 0, 0, 0, 0, 1]


[1]
[0, 1, 1]
[0, 0, 0, 1]
[0, 0, 0, 0, 1]
[0, 0, 0, 0, 1, 1]


[1, 1, 1, 1]
[0, 0, 0, 0, 1]


[1, 1]
[0, 0, 1, 1, 1]
[0, 0, 0, 0, 1, 1]


[1, 1, 1, 1]
[0, 0, 0, 0, 1]
[0, 0, 0, 0, 1]
[0, 0, 0, 0, 1]


[1, 1, 1]
[0, 0, 0, 1, 1]
[0, 0, 0, 0, 1, 1]
[0, 0, 0, 0, 0, 1]
[0, 0, 0, 0, 0, 1]


[1]
[0, 1]
[0, 0, 1]
[0, 0, 0, 1]
[0, 0, 0, 0, 1]
[0, 0, 0, 0, 1, 1]


[1, 1]
[0, 0, 1]
[0, 0, 0, 1]
[0, 0, 0, 1]
[0, 0, 0, 0, 1]
[0, 0, 0, 0, 1]
[0, 0, 0, 0, 1]
[0, 0, 0, 0, 1]
[0, 0, 0, 0, 1, 1]


[1]
[0, 1]
[0, 0, 1]
[0, 0, 0, 1, 1]


[1, 1]
[0, 0, 1]
[0, 0, 0, 1, 1]
[0, 0, 0, 0, 1]


[1]
[0, 1]
[0, 0, 1, 1, 1]


[1]
[0, 1, 1]
[0, 0, 0, 1, 1]


[1, 1]
[0, 1]
[0, 0, 1, 1, 1]


[1, 1, 1]
[0, 0, 0, 1, 1]


[1, 1, 1, 1]

******************BLOCKING COMPLETED
BLOCK ROWS: 15 of AVG. SIZE: 6.666666666666667
TRUE NONZEROS: 100 FAKE NONZEROS : 195, with AVG. in-block DENSITY: 0.3389830508474576
PRINTING BLOCK DISTRIBUTION: size -- blocks with that size
1 --> 1
2 --> 2
3 --> 4
4 --> 3
5 --> 2
6 --> 1
8 --> 1
9 --> 1
