[1, 1, 1, 1, 1, 1, 1]
[0, 1, 1, 1, 1, 1, 1, 1, 1, 1, 1, 1]
[0, 0, 0, 0, 0, 1, 1, 1, 1, 1, 1, 1, 1, 1]
[0, 0, 0, 0, 0, 1, 1, 1, 1, 1, 1, 1, 1, 1, 1, 1]
[0, 0, 0, 0, 0, 0, 0, 1, 1, 1, 1, 1, 1, 1, 1, 1, 1, 1]
[0, 0, 0, 0, 0, 0, 0, 0, 0, 1, 1, 1, 1, 1, 1, 1, 1, 1]
[0, 0, 0, 0, 0, 0, 0, 0, 1, 1, 1, 1, 1, 1, 1, 1, 1, 1, 1, 1]
[0, 0, 0, 0, 0, 0, 0, 0, 1, 1, 1, 1, 1, 1, 1, 1, 1, 1, 1, 1]
[0, 0, 0, 0, 0, 0, 0, 0, 0, 0, 1, 1, 1, 1, 1, 1, 1, 1, 1, 1]
[0, 0, 0, 0, 0, 0, 0, 0, 0, 0, 1, 1, 1, 1, 1, 1, 1, 1, 1, 1]
[0, 0, 0, 0, 0, 0, 0, 0, 0, 0, 1, 1, 1, 1, 1, 1, 1, 1, 1, 1]
[0, 0, 0, 0, 0, 0, 0, 0, 0, 0, 1, 1, 1, 1, 1, 1, 1, 1, 1, 1]
[0, 0, 0, 0, 0, 0, 0, 0, 0, 0, 1, 1, 1, 1, 1, 1, 1, 1, 1, 1]
[0, 0, 0, 0, 0, 0, 0, 0, 0, 1, 1, 1, 1, 1, 1, 1, 1, 1, 1, 1]
[0, 0, 0, 0, 0, 0, 0, 0, 0, 1, 1, 1, 1, 1, 1, 1, 1, 1, 1, 1]
[0, 0, 0, 0, 0, 0, 0, 0, 0, 1, 1, 1, 1, 1, 1, 1, 1, 1, 1, 1]
[0, 0, 0, 0, 0, 0, 0, 0, 0, 1, 1, 1, 1, 1, 1, 1, 1, 1, 1, 1]
[0, 0, 0, 0, 0, 0, 0, 0, 0, 0, 1, 1, 1, 1, 1, 1, 1, 1, 1, 1]
[0, 0, 0, 0, 0, 0, 0, 0, 0, 1, 1, 1, 1, 1, 1, 1, 1, 1, 1, 1]
[0, 0, 0, 0, 0, 0, 0, 0, 1, 1, 1, 1, 1, 1, 1, 1, 1, 1, 1, 1]
[0, 0, 0, 0, 0, 0, 0, 1, 1, 1, 1, 1, 1, 1, 1, 1, 1, 1, 1, 1]
[0, 0, 0, 0, 0, 0, 0, 0, 0, 0, 1, 1, 1, 1, 1, 1, 1, 1, 1, 1]
[0, 0, 0, 0, 0, 0, 0, 0, 0, 0, 1, 1, 1, 1, 1, 1, 1, 1, 1, 1]
[0, 0, 0, 0, 0, 0, 0, 0, 0, 1, 1, 1, 1, 1, 1, 1, 1, 1, 1, 1]
[0, 0, 0, 0, 0, 0, 0, 0, 0, 1, 1, 1, 1, 1, 1, 1, 1, 1, 1, 1]
[0, 0, 0, 0, 0, 0, 0, 0, 1, 1, 1, 1, 1, 1, 1, 1, 1, 1, 1, 1]
[0, 0, 0, 0, 0, 0, 0, 0, 0, 0, 1, 1, 1, 1, 1, 1, 1, 1, 1, 1]
[0, 0, 0, 0, 0, 0, 0, 0, 0, 0, 1, 1, 1, 1, 1, 1, 1, 1, 1, 1]
[0, 0, 0, 0, 0, 0, 0, 0, 0, 1, 1, 1, 1, 1, 1, 1, 1, 1, 1, 1]
[0, 0, 0, 0, 0, 0, 0, 0, 0, 0, 1, 1, 1, 1, 1, 1, 1, 1, 1, 1]
[0, 0, 0, 0, 0, 0, 0, 0, 0, 1, 1, 1, 1, 1, 1, 1, 1, 1, 1, 1]
[0, 0, 0, 0, 0, 0, 0, 0, 0, 0, 1, 1, 1, 1, 1, 1, 1, 1, 1, 1]
[0, 0, 0, 0, 0, 0, 0, 0, 0, 0, 1, 1, 1, 1, 1, 1, 1, 1, 1, 1]
[0, 0, 0, 0, 0, 0, 0, 0, 0, 1, 1, 1, 1, 1, 1, 1, 1, 1, 1, 1]
[0, 0, 0, 0, 0, 0, 0, 0, 0, 1, 1, 1, 1, 1, 1, 1, 1, 1, 1, 1]
[0, 0, 0, 0, 0, 0, 0, 0, 0, 0, 1, 1, 1, 1, 1, 1, 1, 1, 1, 1]
[0, 0, 0, 0, 0, 0, 0, 0, 0, 1, 1, 1, 1, 1, 1, 1, 1, 1, 1, 1]
[0, 0, 0, 0, 0, 0, 0, 0, 0, 1, 1, 1, 1, 1, 1, 1, 1, 1, 1, 1]
[0, 0, 0, 0, 0, 0, 0, 0, 0, 1, 1, 1, 1, 1, 1, 1, 1, 1, 1, 1]
[0, 0, 0, 0, 0, 0, 0, 0, 0, 1, 1, 1, 1, 1, 1, 1, 1, 1, 1, 1]
[0, 0, 0, 0, 0, 0, 0, 0, 0, 1, 1, 1, 1, 1, 1, 1, 1, 1, 1, 1]
[0, 0, 0, 0, 0, 0, 0, 0, 0, 0, 1, 1, 1, 1, 1, 1, 1, 1, 1, 1]
[0, 0, 0, 0, 0, 0, 0, 0, 0, 1, 1, 1, 1, 1, 1, 1, 1, 1, 1, 1]
[0, 0, 0, 0, 0, 0, 0, 0, 0, 1, 1, 1, 1, 1, 1, 1, 1, 1, 1, 1]
[0, 0, 0, 0, 0, 0, 0, 0, 0, 0, 1, 1, 1, 1, 1, 1, 1, 1, 1, 1]
[0, 0, 0, 0, 0, 0, 0, 0, 1, 1, 1, 1, 1, 1, 1, 1, 1, 1, 1, 1]
[0, 0, 0, 0, 0, 0, 0, 0, 0, 1, 1, 1, 1, 1, 1, 1, 1, 1, 1, 1]
[0, 0, 0, 0, 0, 0, 0, 0, 0, 1, 1, 1, 1, 1, 1, 1, 1, 1, 1, 1]
[0, 0, 0, 0, 0, 0, 0, 0, 0, 1, 1, 1, 1, 1, 1, 1, 1, 1, 1, 1]
[0, 0, 0, 0, 0, 0, 0, 0, 0, 0, 1, 1, 1, 1, 1, 1, 1, 1, 1, 1]
[0, 0, 0, 0, 0, 0, 0, 0, 0, 0, 1, 1, 1, 1, 1, 1, 1, 1, 1, 1]
[0, 0, 0, 0, 0, 0, 0, 0, 0, 0, 1, 1, 1, 1, 1, 1, 1, 1, 1, 1]
[0, 0, 0, 0, 0, 0, 0, 0, 0, 0, 1, 1, 1, 1, 1, 1, 1, 1, 1, 1]
[0, 0, 0, 0, 0, 0, 0, 0, 1, 1, 1, 1, 1, 1, 1, 1, 1, 1, 1, 1]
[0, 0, 0, 0, 0, 0, 0, 0, 0, 0, 1, 1, 1, 1, 1, 1, 1, 1, 1, 1]
[0, 0, 0, 0, 0, 0, 0, 0, 0, 1, 1, 1, 1, 1, 1, 1, 1, 1, 1, 1]
[0, 0, 0, 0, 0, 0, 0, 0, 0, 0, 1, 1, 1, 1, 1, 1, 1, 1, 1, 1]
[0, 0, 0, 0, 0, 0, 0, 0, 0, 0, 1, 1, 1, 1, 1, 1, 1, 1, 1, 1]
[0, 0, 0, 0, 0, 0, 0, 0, 0, 0, 1, 1, 1, 1, 1, 1, 1, 1, 1, 1]
[0, 0, 0, 0, 0, 0, 0, 0, 0, 0, 1, 1, 1, 1, 1, 1, 1, 1, 1, 1]
[0, 0, 0, 0, 0, 0, 0, 0, 0, 1, 1, 1, 1, 1, 1, 1, 1, 1, 1, 1]
[0, 0, 0, 0, 0, 0, 0, 0, 0, 1, 1, 1, 1, 1, 1, 1, 1, 1, 1, 1]
[0, 0, 0, 0, 0, 0, 0, 0, 0, 0, 1, 1, 1, 1, 1, 1, 1, 1, 1, 1]
[0, 0, 0, 0, 0, 0, 0, 0, 1, 1, 1, 1, 1, 1, 1, 1, 1, 1, 1, 1]
[0, 0, 0, 0, 0, 0, 0, 0, 0, 0, 1, 1, 1, 1, 1, 1, 1, 1, 1, 1]
[0, 0, 0, 0, 0, 0, 0, 0, 0, 1, 1, 1, 1, 1, 1, 1, 1, 1, 1, 1]
[0, 0, 0, 0, 0, 0, 0, 0, 0, 1, 1, 1, 1, 1, 1, 1, 1, 1, 1, 1]
[0, 0, 0, 0, 0, 0, 0, 0, 0, 0, 1, 1, 1, 1, 1, 1, 1, 1, 1, 1]
[0, 0, 0, 0, 0, 0, 0, 0, 0, 0, 1, 1, 1, 1, 1, 1, 1, 1, 1, 1]
[0, 0, 0, 0, 0, 0, 0, 0, 0, 1, 1, 1, 1, 1, 1, 1, 1, 1, 1, 1]
[0, 0, 0, 0, 0, 0, 0, 0, 0, 0, 1, 1, 1, 1, 1, 1, 1, 1, 1, 1]
[0, 0, 0, 0, 0, 0, 0, 0, 0, 0, 1, 1, 1, 1, 1, 1, 1, 1, 1, 1]
[0, 0, 0, 0, 0, 0, 0, 0, 0, 0, 1, 1, 1, 1, 1, 1, 1, 1, 1, 1]
[0, 0, 0, 0, 0, 0, 0, 0, 1, 1, 1, 1, 1, 1, 1, 1, 1, 1, 1, 1]
[0, 0, 0, 0, 0, 0, 0, 0, 0, 0, 1, 1, 1, 1, 1, 1, 1, 1, 1, 1]
[0, 0, 0, 0, 0, 0, 0, 0, 0, 0, 1, 1, 1, 1, 1, 1, 1, 1, 1, 1]
[0, 0, 0, 0, 0, 0, 0, 1, 1, 1, 1, 1, 1, 1, 1, 1, 1, 1, 1, 1]
[0, 0, 0, 0, 0, 0, 0, 0, 0, 0, 1, 1, 1, 1, 1, 1, 1, 1, 1, 1]
[0, 0, 0, 0, 0, 0, 0, 0, 0, 0, 1, 1, 1, 1, 1, 1, 1, 1, 1, 1]
[0, 0, 0, 0, 0, 0, 0, 0, 0, 0, 1, 1, 1, 1, 1, 1, 1, 1, 1, 1]
[0, 0, 0, 0, 0, 0, 0, 0, 0, 0, 1, 1, 1, 1, 1, 1, 1, 1, 1, 1]
[0, 0, 0, 0, 0, 0, 0, 0, 0, 0, 1, 1, 1, 1, 1, 1, 1, 1, 1, 1]
[0, 0, 0, 0, 0, 0, 0, 0, 0, 0, 1, 1, 1, 1, 1, 1, 1, 1, 1, 1]
[0, 0, 0, 0, 0, 0, 0, 0, 0, 1, 1, 1, 1, 1, 1, 1, 1, 1, 1, 1]
[0, 0, 0, 0, 0, 1, 1, 1, 1, 1, 1, 1, 1, 1, 1, 1, 1, 1, 1, 1]
[0, 0, 0, 0, 0, 0, 0, 0, 0, 0, 1, 1, 1, 1, 1, 1, 1, 1, 1, 1]
[0, 0, 0, 0, 0, 0, 0, 0, 0, 1, 1, 1, 1, 1, 1, 1, 1, 1, 1, 1]
[0, 0, 0, 0, 0, 0, 0, 0, 0, 1, 1, 1, 1, 1, 1, 1, 1, 1, 1, 1]
[0, 0, 0, 0, 0, 0, 0, 0, 1, 1, 1, 1, 1, 1, 1, 1, 1, 1, 1, 1]
[0, 0, 0, 0, 0, 0, 0, 1, 1, 1, 1, 1, 1, 1, 1, 1, 1, 1, 1, 1]
[0, 0, 0, 0, 0, 0, 0, 0, 0, 0, 1, 1, 1, 1, 1, 1, 1, 1, 1, 1]
[0, 0, 0, 0, 0, 0, 0, 0, 0, 0, 1, 1, 1, 1, 1, 1, 1, 1, 1, 1]
[0, 0, 0, 0, 0, 0, 0, 0, 0, 0, 1, 1, 1, 1, 1, 1, 1, 1, 1, 1]
[0, 0, 0, 0, 0, 0, 0, 0, 0, 0, 1, 1, 1, 1, 1, 1, 1, 1, 1, 1]
[0, 0, 0, 0, 0, 0, 0, 0, 0, 0, 1, 1, 1, 1, 1, 1, 1, 1, 1, 1]
[0, 0, 0, 0, 0, 0, 0, 0, 0, 0, 1, 1, 1, 1, 1, 1, 1, 1, 1, 1]
[0, 0, 0, 0, 0, 0, 0, 0, 0, 1, 1, 1, 1, 1, 1, 1, 1, 1, 1, 1]
[0, 0, 0, 0, 0, 0, 0, 0, 0, 0, 1, 1, 1, 1, 1, 1, 1, 1, 1, 1]
[0, 0, 0, 0, 0, 0, 0, 0, 0, 0, 1, 1, 1, 1, 1, 1, 1, 1, 1, 1]
[0, 0, 0, 0, 0, 0, 0, 0, 0, 0, 1, 1, 1, 1, 1, 1, 1, 1, 1, 1]
[0, 0, 0, 0, 0, 0, 0, 0, 0, 1, 1, 1, 1, 1, 1, 1, 1, 1, 1, 1]
[0, 0, 0, 0, 0, 0, 0, 0, 0, 0, 1, 1, 1, 1, 1, 1, 1, 1, 1, 1]
[0, 0, 0, 0, 0, 0, 0, 0, 0, 0, 1, 1, 1, 1, 1, 1, 1, 1, 1, 1]


[1, 1, 1, 1, 1, 1, 1]
[0, 0, 1, 1, 1, 1, 1, 1, 1, 1]
[0, 0, 0, 1, 1, 1, 1, 1, 1, 1, 1, 1, 1]
[0, 0, 0, 0, 0, 1, 1, 1, 1, 1, 1, 1, 1, 1]
[0, 0, 0, 0, 0, 0, 0, 1, 1, 1, 1, 1, 1, 1]
[0, 0, 0, 0, 0, 1, 1, 1, 1, 1, 1, 1, 1, 1]
[0, 0, 0, 0, 0, 0, 1, 1, 1, 1, 1, 1, 1, 1, 1]
[0, 0, 0, 0, 0, 0, 1, 1, 1, 1, 1, 1, 1, 1, 1]
[0, 0, 0, 0, 0, 0, 0, 1, 1, 1, 1, 1, 1, 1, 1, 1]
[0, 0, 0, 0, 0, 0, 0, 1, 1, 1, 1, 1, 1, 1, 1, 1]
[0, 0, 0, 0, 0, 0, 0, 0, 1, 1, 1, 1, 1, 1, 1, 1]
[0, 0, 0, 0, 0, 0, 0, 1, 1, 1, 1, 1, 1, 1, 1, 1]
[0, 0, 0, 0, 0, 0, 0, 0, 1, 1, 1, 1, 1, 1, 1, 1]


[1, 1, 1, 1, 1, 1, 1, 1]
[0, 0, 1, 1, 1, 1, 1, 1, 1, 1, 1, 1]
[0, 0, 0, 0, 0, 0, 1, 1, 1, 1, 1, 1]
[0, 0, 0, 0, 0, 1, 1, 1, 1, 1, 1, 1, 1, 1]
[0, 0, 0, 0, 0, 0, 1, 1, 1, 1, 1, 1, 1, 1, 1]
[0, 0, 0, 0, 0, 0, 0, 1, 1, 1, 1, 1, 1, 1, 1, 1]
[0, 0, 0, 0, 0, 0, 0, 0, 1, 1, 1, 1, 1, 1, 1, 1]
[0, 0, 0, 0, 0, 0, 0, 0, 1, 1, 1, 1, 1, 1, 1, 1]
[0, 0, 0, 0, 0, 0, 0, 0, 1, 1, 1, 1, 1, 1, 1, 1]
[0, 0, 0, 0, 0, 0, 0, 1, 1, 1, 1, 1, 1, 1, 1, 1]
[0, 0, 0, 0, 0, 0, 0, 1, 1, 1, 1, 1, 1, 1, 1, 1]
[0, 0, 0, 0, 0, 0, 0, 1, 1, 1, 1, 1, 1, 1, 1, 1]
[0, 0, 0, 0, 0, 0, 0, 1, 1, 1, 1, 1, 1, 1, 1, 1]
[0, 0, 0, 0, 0, 0, 0, 1, 1, 1, 1, 1, 1, 1, 1, 1]
[0, 0, 0, 0, 0, 0, 0, 0, 1, 1, 1, 1, 1, 1, 1, 1]


[1, 1, 1, 1, 1, 1, 1, 1]
[0, 0, 1, 1, 1, 1, 1, 1, 1, 1, 1, 1]
[0, 0, 0, 0, 0, 0, 1, 1, 1, 1, 1, 1]
[0, 0, 0, 0, 1, 1, 1, 1, 1, 1, 1, 1, 1, 1, 1]
[0, 0, 0, 0, 0, 1, 1, 1, 1, 1, 1, 1, 1, 1, 1, 1, 1]
[0, 0, 0, 0, 0, 0, 0, 0, 1, 1, 1, 1, 1, 1, 1, 1, 1, 1]
[0, 0, 0, 0, 0, 0, 0, 0, 0, 1, 1, 1, 1, 1, 1, 1, 1, 1, 1]
[0, 0, 0, 0, 0, 0, 0, 0, 0, 0, 1, 1, 1, 1, 1, 1, 1, 1, 1]
[0, 0, 0, 0, 0, 0, 0, 1, 1, 1, 1, 1, 1, 1, 1, 1, 1, 1, 1, 1]
[0, 0, 0, 0, 0, 0, 0, 0, 0, 1, 1, 1, 1, 1, 1, 1, 1, 1, 1, 1]
[0, 0, 0, 0, 0, 0, 0, 0, 1, 1, 1, 1, 1, 1, 1, 1, 1, 1, 1, 1]
[0, 0, 0, 0, 0, 0, 0, 0, 0, 1, 1, 1, 1, 1, 1, 1, 1, 1, 1, 1]
[0, 0, 0, 0, 0, 0, 0, 0, 0, 0, 1, 1, 1, 1, 1, 1, 1, 1, 1, 1]
[0, 0, 0, 0, 0, 0, 0, 0, 0, 1, 1, 1, 1, 1, 1, 1, 1, 1, 1, 1]
[0, 0, 0, 0, 0, 0, 0, 0, 0, 0, 1, 1, 1, 1, 1, 1, 1, 1, 1, 1]


[1, 1, 1, 1, 1]
[0, 1, 1, 1, 1, 1, 1]
[0, 0, 1, 1, 1, 1, 1, 1, 1, 1]
[0, 0, 0, 0, 1, 1, 1, 1, 1, 1, 1, 1]
[0, 0, 0, 0, 0, 1, 1, 1, 1, 1, 1, 1, 1, 1]
[0, 0, 0, 0, 0, 0, 1, 1, 1, 1, 1, 1, 1, 1, 1]
[0, 0, 0, 0, 0, 0, 0, 1, 1, 1, 1, 1, 1, 1, 1]
[0, 0, 0, 0, 0, 0, 0, 1, 1, 1, 1, 1, 1, 1, 1]
[0, 0, 0, 0, 0, 0, 0, 1, 1, 1, 1, 1, 1, 1, 1, 1]
[0, 0, 0, 0, 0, 0, 0, 0, 1, 1, 1, 1, 1, 1, 1, 1]
[0, 0, 0, 0, 0, 0, 0, 1, 1, 1, 1, 1, 1, 1, 1, 1]
[0, 0, 0, 0, 0, 0, 0, 1, 1, 1, 1, 1, 1, 1, 1, 1]
[0, 0, 0, 0, 0, 0, 0, 1, 1, 1, 1, 1, 1, 1, 1, 1]
[0, 0, 0, 0, 0, 0, 0, 0, 1, 1, 1, 1, 1, 1, 1, 1]
[0, 0, 0, 0, 0, 0, 0, 0, 1, 1, 1, 1, 1, 1, 1, 1]
[0, 0, 0, 0, 0, 0, 0, 0, 1, 1, 1, 1, 1, 1, 1, 1]


[1, 1, 1, 1, 1, 1]
[0, 1, 1, 1, 1, 1, 1, 1]
[0, 0, 1, 1, 1, 1, 1, 1, 1]
[0, 0, 0, 1, 1, 1, 1, 1, 1, 1, 1]
[0, 0, 0, 0, 0, 1, 1, 1, 1, 1, 1, 1]
[0, 0, 0, 0, 0, 1, 1, 1, 1, 1, 1, 1, 1]
[0, 0, 0, 0, 0, 0, 1, 1, 1, 1, 1, 1, 1]
[0, 0, 0, 0, 0, 1, 1, 1, 1, 1, 1, 1, 1, 1]
[0, 0, 0, 0, 0, 0, 1, 1, 1, 1, 1, 1, 1, 1, 1]
[0, 0, 0, 0, 0, 0, 0, 1, 1, 1, 1, 1, 1, 1, 1]


[1, 1, 1, 1, 1, 1, 1]
[0, 0, 1, 1, 1, 1, 1, 1, 1, 1]
[0, 0, 0, 0, 1, 1, 1, 1, 1, 1, 1, 1]
[0, 0, 0, 0, 0, 1, 1, 1, 1, 1, 1, 1, 1]
[0, 0, 0, 0, 0, 0, 1, 1, 1, 1, 1, 1, 1, 1]
[0, 0, 0, 0, 0, 0, 1, 1, 1, 1, 1, 1, 1, 1, 1]
[0, 0, 0, 0, 0, 0, 0, 1, 1, 1, 1, 1, 1, 1, 1, 1]
[0, 0, 0, 0, 0, 0, 0, 0, 1, 1, 1, 1, 1, 1, 1, 1]
[0, 0, 0, 0, 0, 0, 0, 0, 1, 1, 1, 1, 1, 1, 1, 1]


[1, 1, 1, 1, 1, 1, 1, 1, 1]
[0, 0, 0, 1, 1, 1, 1, 1, 1, 1, 1, 1]
[0, 0, 0, 0, 1, 1, 1, 1, 1, 1, 1, 1, 1]
[0, 0, 0, 0, 0, 0, 1, 1, 1, 1, 1, 1, 1, 1]
[0, 0, 0, 0, 0, 0, 1, 1, 1, 1, 1, 1, 1, 1, 1]
[0, 0, 0, 0, 0, 0, 0, 1, 1, 1, 1, 1, 1, 1, 1, 1]
[0, 0, 0, 0, 0, 0, 0, 0, 1, 1, 1, 1, 1, 1, 1, 1]
[0, 0, 0, 0, 0, 0, 0, 0, 1, 1, 1, 1, 1, 1, 1, 1]
[0, 0, 0, 0, 0, 0, 0, 0, 1, 1, 1, 1, 1, 1, 1, 1]
[0, 0, 0, 0, 0, 0, 0, 1, 1, 1, 1, 1, 1, 1, 1, 1]
[0, 0, 0, 0, 0, 0, 0, 1, 1, 1, 1, 1, 1, 1, 1, 1]
[0, 0, 0, 0, 0, 0, 0, 0, 1, 1, 1, 1, 1, 1, 1, 1]
[0, 0, 0, 0, 0, 0, 0, 1, 1, 1, 1, 1, 1, 1, 1, 1]
[0, 0, 0, 0, 0, 0, 0, 0, 1, 1, 1, 1, 1, 1, 1, 1]
[0, 0, 0, 0, 0, 0, 0, 1, 1, 1, 1, 1, 1, 1, 1, 1]


[1, 1, 1, 1, 1, 1]
[0, 0, 1, 1, 1, 1, 1, 1]
[0, 0, 1, 1, 1, 1, 1, 1, 1, 1, 1]
[0, 0, 0, 1, 1, 1, 1, 1, 1, 1, 1, 1]
[0, 0, 0, 0, 1, 1, 1, 1, 1, 1, 1, 1, 1]
[0, 0, 0, 0, 0, 0, 1, 1, 1, 1, 1, 1, 1, 1]
[0, 0, 0, 0, 0, 0, 1, 1, 1, 1, 1, 1, 1, 1, 1]
[0, 0, 0, 0, 0, 0, 1, 1, 1, 1, 1, 1, 1, 1, 1]
[0, 0, 0, 0, 0, 0, 0, 1, 1, 1, 1, 1, 1, 1, 1, 1]
[0, 0, 0, 0, 0, 0, 0, 1, 1, 1, 1, 1, 1, 1, 1, 1]
[0, 0, 0, 0, 0, 0, 0, 0, 1, 1, 1, 1, 1, 1, 1, 1]
[0, 0, 0, 0, 0, 0, 0, 0, 1, 1, 1, 1, 1, 1, 1, 1]
[0, 0, 0, 0, 0, 0, 0, 0, 1, 1, 1, 1, 1, 1, 1, 1]
[0, 0, 0, 0, 0, 0, 0, 0, 1, 1, 1, 1, 1, 1, 1, 1]
[0, 0, 0, 0, 0, 0, 0, 0, 1, 1, 1, 1, 1, 1, 1, 1]
[0, 0, 0, 0, 0, 0, 0, 0, 1, 1, 1, 1, 1, 1, 1, 1]


[1, 1, 1, 1, 1, 1, 1, 1]
[0, 0, 0, 1, 1, 1, 1, 1, 1]
[0, 0, 0, 1, 1, 1, 1, 1, 1, 1, 1, 1]
[0, 0, 0, 0, 0, 1, 1, 1, 1, 1, 1, 1, 1, 1]
[0, 0, 0, 0, 0, 0, 1, 1, 1, 1, 1, 1, 1, 1, 1]
[0, 0, 0, 0, 0, 0, 0, 1, 1, 1, 1, 1, 1, 1, 1, 1]
[0, 0, 0, 0, 0, 0, 0, 1, 1, 1, 1, 1, 1, 1, 1, 1]


[1, 1, 1, 1, 1, 1, 1, 1, 1, 1]
[0, 0, 0, 1, 1, 1, 1, 1, 1, 1, 1, 1, 1]
[0, 0, 0, 0, 0, 0, 1, 1, 1, 1, 1, 1, 1, 1]
[0, 0, 0, 0, 0, 0, 1, 1, 1, 1, 1, 1, 1, 1]
[0, 0, 0, 0, 0, 0, 0, 1, 1, 1, 1, 1, 1, 1]
[0, 0, 0, 0, 0, 0, 0, 1, 1, 1, 1, 1, 1, 1]
[0, 0, 0, 0, 0, 0, 0, 1, 1, 1, 1, 1, 1, 1]
[0, 0, 0, 0, 0, 0, 1, 1, 1, 1, 1, 1, 1, 1, 1]
[0, 0, 0, 0, 0, 0, 0, 1, 1, 1, 1, 1, 1, 1, 1, 1]
[0, 0, 0, 0, 0, 0, 0, 0, 1, 1, 1, 1, 1, 1, 1, 1]
[0, 0, 0, 0, 0, 0, 0, 1, 1, 1, 1, 1, 1, 1, 1, 1]
[0, 0, 0, 0, 0, 0, 0, 1, 1, 1, 1, 1, 1, 1, 1, 1]
[0, 0, 0, 0, 0, 0, 0, 1, 1, 1, 1, 1, 1, 1, 1, 1]


[1, 1, 1, 1, 1, 1, 1]
[0, 0, 1, 1, 1, 1, 1, 1]
[0, 0, 1, 1, 1, 1, 1, 1, 1, 1, 1]
[0, 0, 0, 0, 0, 1, 1, 1, 1, 1, 1, 1]
[0, 0, 0, 0, 0, 1, 1, 1, 1, 1, 1, 1, 1, 1]
[0, 0, 0, 0, 0, 0, 1, 1, 1, 1, 1, 1, 1, 1, 1]
[0, 0, 0, 0, 0, 0, 1, 1, 1, 1, 1, 1, 1, 1, 1]
[0, 0, 0, 0, 0, 0, 0, 1, 1, 1, 1, 1, 1, 1, 1, 1]
[0, 0, 0, 0, 0, 0, 0, 1, 1, 1, 1, 1, 1, 1, 1, 1]
[0, 0, 0, 0, 0, 0, 0, 0, 1, 1, 1, 1, 1, 1, 1, 1]


[1, 1, 1, 1, 1, 1, 1, 1]
[0, 0, 0, 1, 1, 1, 1, 1, 1, 1]
[0, 0, 0, 0, 1, 1, 1, 1, 1, 1, 1, 1]
[0, 0, 0, 0, 0, 1, 1, 1, 1, 1, 1, 1, 1]
[0, 0, 0, 0, 0, 0, 1, 1, 1, 1, 1, 1, 1, 1]
[0, 0, 0, 0, 0, 0, 0, 1, 1, 1, 1, 1, 1, 1]
[0, 0, 0, 0, 0, 0, 0, 1, 1, 1, 1, 1, 1, 1]
[0, 0, 0, 0, 0, 0, 1, 1, 1, 1, 1, 1, 1, 1, 1]
[0, 0, 0, 0, 0, 0, 0, 1, 1, 1, 1, 1, 1, 1, 1]
[0, 0, 0, 0, 0, 0, 0, 1, 1, 1, 1, 1, 1, 1, 1, 1]


[1, 1, 1, 1]


[1, 1, 1, 1, 1, 1, 1, 1]
[0, 0, 0, 1, 1, 1, 1, 1, 1, 1]
[0, 0, 0, 0, 1, 1, 1, 1, 1, 1]
[0, 0, 0, 0, 1, 1, 1, 1, 1, 1, 1, 1]
[0, 0, 0, 0, 0, 1, 1, 1, 1, 1, 1, 1, 1, 1]
[0, 0, 0, 0, 0, 1, 1, 1, 1, 1, 1, 1, 1, 1]


[1, 1, 1, 1]
[1, 1, 1, 1, 1, 1, 1, 1]
[0, 0, 0, 1, 1, 1, 1, 1, 1, 1]
[0, 0, 0, 0, 1, 1, 1, 1, 1, 1, 1, 1]
[0, 0, 0, 0, 0, 0, 1, 1, 1, 1, 1, 1]
[0, 0, 0, 0, 0, 1, 1, 1, 1, 1, 1, 1, 1]
[0, 0, 0, 0, 0, 0, 1, 1, 1, 1, 1, 1, 1]
[0, 0, 0, 0, 0, 1, 1, 1, 1, 1, 1, 1, 1]


[1, 1, 1, 1, 1, 1, 1]
[0, 0, 1, 1, 1, 1, 1, 1, 1]
[0, 0, 0, 0, 1, 1, 1, 1, 1, 1]
[0, 0, 0, 0, 1, 1, 1, 1, 1, 1, 1, 1]
[0, 0, 0, 0, 0, 0, 1, 1, 1, 1, 1, 1]


[1, 1, 1, 1, 1]
[0, 1, 1, 1, 1, 1, 1, 1]
[0, 0, 0, 1, 1, 1, 1, 1, 1]


[1, 1, 1, 1, 1, 1, 1, 1]
[0, 0, 0, 1, 1, 1, 1, 1, 1]
[0, 0, 0, 0, 1, 1, 1, 1, 1, 1]
[0, 0, 0, 0, 1, 1, 1, 1, 1, 1, 1]


[1, 1, 1, 1, 1]
[0, 1, 1, 1, 1, 1, 1, 1]
[0, 0, 1, 1, 1, 1, 1, 1, 1, 1]
[0, 0, 0, 0, 1, 1, 1, 1, 1, 1]
[0, 0, 0, 0, 1, 1, 1, 1, 1, 1]
[0, 0, 0, 0, 0, 1, 1, 1, 1, 1]


[1, 1, 1, 1, 1, 1]
[0, 1, 1, 1, 1, 1, 1, 1]
[0, 0, 0, 1, 1, 1, 1, 1, 1]
[0, 0, 0, 1, 1, 1, 1, 1, 1, 1, 1]
[0, 0, 0, 0, 1, 1, 1, 1, 1, 1, 1, 1]
[0, 0, 0, 0, 0, 1, 1, 1, 1, 1, 1, 1, 1, 1]
[0, 0, 0, 0, 0, 0, 1, 1, 1, 1, 1, 1, 1, 1, 1]
[0, 0, 0, 0, 0, 0, 0, 1, 1, 1, 1, 1, 1, 1, 1, 1]
[0, 0, 0, 0, 0, 0, 0, 0, 1, 1, 1, 1, 1, 1, 1, 1]


[1, 1, 1]
[1, 1, 1, 1, 1, 1]
[0, 1, 1, 1, 1, 1, 1, 1]
[0, 0, 0, 1, 1, 1, 1, 1, 1, 1]


[1, 1, 1, 1, 1, 1, 1, 1, 1]
[0, 0, 0, 1, 1, 1, 1, 1, 1, 1, 1, 1]
[0, 0, 0, 0, 0, 1, 1, 1, 1, 1, 1, 1]
[0, 0, 0, 0, 0, 1, 1, 1, 1, 1, 1, 1, 1]
[0, 0, 0, 0, 0, 0, 1, 1, 1, 1, 1, 1, 1, 1]


[1, 1, 1, 1, 1, 1, 1]
[0, 0, 1, 1, 1, 1, 1, 1, 1]
[0, 0, 0, 0, 1, 1, 1, 1, 1, 1]


[1, 1, 1, 1, 1, 1, 1, 1]
[0, 0, 0, 1, 1, 1, 1, 1, 1, 1]
[0, 0, 0, 1, 1, 1, 1, 1, 1, 1, 1, 1]
[0, 0, 0, 0, 0, 1, 1, 1, 1, 1, 1, 1, 1, 1]
[0, 0, 0, 0, 0, 0, 1, 1, 1, 1, 1, 1, 1, 1, 1]
[0, 0, 0, 0, 0, 0, 0, 1, 1, 1, 1, 1, 1, 1, 1]
[0, 0, 0, 0, 0, 0, 0, 1, 1, 1, 1, 1, 1, 1, 1]


[1, 1, 1, 1, 1, 1]
[0, 1, 1, 1, 1, 1, 1, 1, 1, 1]
[0, 0, 0, 0, 1, 1, 1, 1, 1, 1, 1]
[0, 0, 0, 0, 1, 1, 1, 1, 1, 1, 1]
[0, 0, 0, 0, 0, 1, 1, 1, 1, 1, 1, 1]
[0, 0, 0, 0, 0, 1, 1, 1, 1, 1, 1, 1, 1]


[1, 1, 1, 1, 1, 1, 1, 1, 1]
[0, 0, 0, 1, 1, 1, 1, 1, 1, 1]
[0, 0, 0, 0, 0, 1, 1, 1, 1, 1]
[0, 0, 0, 0, 0, 1, 1, 1, 1, 1]
[0, 0, 0, 0, 1, 1, 1, 1, 1, 1, 1]
[0, 0, 0, 0, 1, 1, 1, 1, 1, 1, 1, 1, 1]


[1, 1, 1, 1, 1, 1]
[0, 0, 1, 1, 1, 1, 1, 1]
[0, 0, 0, 1, 1, 1, 1, 1, 1]


[1, 1, 1, 1, 1, 1, 1]
[0, 0, 1, 1, 1, 1, 1, 1]
[0, 0, 0, 1, 1, 1, 1, 1, 1]
[0, 0, 0, 1, 1, 1, 1, 1, 1, 1, 1, 1]
[0, 0, 0, 0, 0, 1, 1, 1, 1, 1, 1, 1, 1]
[0, 0, 0, 0, 0, 0, 1, 1, 1, 1, 1, 1, 1, 1]


[1, 1, 1, 1]
[0, 1, 1, 1, 1]
[0, 1, 1, 1, 1, 1, 1]
[0, 0, 1, 1, 1, 1, 1, 1, 1, 1]
[0, 0, 0, 0, 1, 1, 1, 1, 1, 1, 1]
[0, 0, 0, 0, 0, 1, 1, 1, 1, 1, 1]


[1, 1, 1, 1, 1, 1]
[0, 0, 0, 1, 1, 1]
[0, 0, 1, 1, 1, 1, 1, 1]


[1, 1, 1, 1, 1, 1, 1, 1, 1]
[0, 0, 0, 0, 1, 1, 1, 1, 1, 1]
[0, 0, 1, 1, 1, 1, 1, 1, 1, 1]
[0, 0, 0, 0, 1, 1, 1, 1, 1, 1, 1]
[0, 0, 0, 0, 0, 1, 1, 1, 1, 1, 1]
[0, 0, 0, 0, 1, 1, 1, 1, 1, 1, 1, 1, 1]
[0, 0, 0, 0, 0, 0, 1, 1, 1, 1, 1, 1, 1]


[1, 1, 1, 1, 1, 1, 1, 1]
[0, 0, 0, 1, 1, 1, 1, 1, 1, 1]
[0, 0, 0, 0, 1, 1, 1, 1, 1, 1, 1]
[0, 0, 0, 0, 0, 1, 1, 1, 1, 1, 1, 1]


[1, 1, 1, 1, 1, 1, 1]
[0, 0, 1, 1, 1, 1, 1, 1]
[0, 0, 0, 1, 1, 1, 1, 1, 1]
[0, 0, 0, 1, 1, 1, 1, 1, 1, 1]
[0, 0, 0, 1, 1, 1, 1, 1, 1, 1, 1, 1]


[1, 1, 1, 1, 1, 1, 1, 1]
[0, 0, 0, 1, 1, 1, 1, 1, 1, 1]
[0, 0, 0, 0, 0, 1, 1, 1, 1, 1]


[1, 1, 1, 1, 1]
[0, 1, 1, 1, 1, 1, 1, 1]
[0, 0, 1, 1, 1, 1, 1, 1, 1]
[0, 0, 0, 0, 1, 1, 1, 1, 1, 1]


[1, 1, 1, 1, 1, 1]
[0, 0, 1, 1, 1, 1, 1, 1]
[0, 0, 0, 1, 1, 1, 1, 1, 1]
[0, 0, 0, 1, 1, 1, 1, 1, 1, 1]


[1, 1, 1, 1, 1, 1, 1]
[0, 0, 1, 1, 1, 1, 1, 1, 1]
[0, 0, 0, 0, 1, 1, 1, 1, 1, 1]


[1, 1, 1]


[1, 1, 1, 1, 1, 1]
[0, 1, 1, 1, 1, 1, 1, 1]
[0, 0, 0, 1, 1, 1, 1, 1, 1, 1]
[0, 0, 0, 0, 1, 1, 1, 1, 1, 1, 1]
[0, 0, 0, 0, 0, 1, 1, 1, 1, 1, 1, 1]
[0, 0, 0, 0, 0, 0, 1, 1, 1, 1, 1, 1]


[1, 1, 1, 1, 1, 1]
[0, 1, 1, 1, 1, 1, 1, 1, 1]
[0, 0, 0, 1, 1, 1, 1, 1, 1, 1, 1, 1]
[0, 0, 0, 0, 0, 1, 1, 1, 1, 1, 1, 1, 1, 1]


[1, 1, 1, 1, 1, 1, 1]
[0, 0, 0, 1, 1, 1, 1]
[0, 0, 1, 1, 1, 1, 1, 1, 1, 1]
[0, 0, 0, 0, 0, 1, 1, 1, 1, 1]
[0, 0, 0, 0, 1, 1, 1, 1, 1, 1, 1, 1]
[0, 0, 0, 0, 0, 0, 1, 1, 1, 1, 1, 1]


[1, 1, 1, 1, 1]
[0, 1, 1, 1, 1, 1, 1, 1]
[0, 0, 0, 1, 1, 1, 1, 1, 1]
[0, 0, 0, 1, 1, 1, 1, 1, 1, 1, 1, 1]
[0, 0, 0, 0, 0, 0, 1, 1, 1, 1, 1, 1]
[0, 0, 0, 0, 0, 1, 1, 1, 1, 1, 1, 1, 1]
[0, 0, 0, 0, 0, 0, 1, 1, 1, 1, 1, 1, 1]
[0, 0, 0, 0, 0, 0, 1, 1, 1, 1, 1, 1, 1, 1]


[1, 1, 1, 1, 1]
[0, 1, 1, 1, 1, 1, 1, 1]
[0, 0, 0, 1, 1, 1, 1, 1]
[0, 0, 0, 1, 1, 1, 1, 1, 1, 1]


[1, 1, 1]
[1, 1, 1, 1, 1]


[1, 1, 1, 1, 1]
[0, 1, 1, 1, 1, 1, 1]


[1, 1, 1, 1, 1, 1, 1]
[0, 0, 1, 1, 1, 1, 1, 1, 1]


[1, 1, 1, 1, 1, 1, 1, 1, 1]
[0, 0, 0, 0, 1, 1, 1, 1, 1, 1]


[1, 1, 1, 1, 1, 1, 1]
[0, 0, 0, 1, 1, 1, 1, 1]


[1, 1, 1, 1, 1, 1]
[0, 0, 1, 1, 1, 1, 1, 1]
[0, 0, 0, 0, 1, 1, 1, 1]


[1, 1, 1, 1, 1]
[0, 1, 1, 1, 1, 1, 1, 1]


[1, 1, 1, 1, 1, 1]
[0, 1, 1, 1, 1, 1, 1]


[1, 1, 1, 1]
[1, 1, 1, 1, 1]
[0, 1, 1, 1, 1, 1, 1]


[1, 1, 1, 1, 1]
[0, 1, 1, 1, 1, 1, 1, 1]
[0, 0, 0, 1, 1, 1, 1, 1, 1, 1]
[0, 0, 0, 0, 0, 1, 1, 1, 1, 1]


[1, 1, 1, 1, 1, 1]
[0, 0, 1, 1, 1, 1, 1, 1]


[1, 1, 1, 1, 1, 1, 1]
[0, 0, 1, 1, 1, 1, 1, 1, 1]
[0, 0, 0, 1, 1, 1, 1, 1, 1, 1]


[1, 1, 1, 1, 1, 1]


[1, 1, 1, 1]


[1, 1, 1, 1]
[0, 1, 1, 1, 1, 1]


[1, 1, 1, 1, 1, 1, 1]
[0, 0, 0, 1, 1, 1, 1, 1]


[1, 1, 1, 1, 1, 1]


[1, 1, 1, 1, 1]
[0, 1, 1, 1, 1, 1, 1, 1]


[1, 1, 1, 1, 1, 1]


[1, 1, 1, 1, 1, 1]


[1, 1, 1, 1, 1, 1, 1]
[0, 0, 1, 1, 1, 1, 1, 1, 1]
[0, 0, 0, 0, 1, 1, 1, 1, 1]


[1, 1, 1, 1, 1, 1]
[0, 0, 1, 1, 1, 1, 1, 1]


[1, 1, 1, 1, 1]


[1, 1, 1, 1, 1, 1]


[1, 1, 1, 1]


[1, 1, 1, 1, 1, 1, 1]


[1, 1, 1, 1, 1]


[1, 1, 1, 1, 1, 1]
[0, 0, 1, 1, 1, 1, 1]


[1, 1, 1, 1, 1, 1, 1]
[0, 0, 0, 1, 1, 1, 1, 1]


[1, 1, 1, 1, 1]


[1, 1, 1, 1, 1, 1, 1]


[1, 1, 1, 1]


[1, 1, 1]


[1, 1, 1, 1]
[1, 1, 1, 1, 1, 1, 1]
[0, 0, 1, 1, 1, 1, 1, 1, 1]


[1, 1, 1, 1, 1, 1, 1]


[1, 1, 1, 1, 1, 1]


[1, 1, 1, 1, 1, 1, 1]
[0, 0, 0, 1, 1, 1, 1, 1]


[1, 1, 1, 1, 1, 1, 1]


[1, 1, 1, 1, 1, 1]
[0, 0, 1, 1, 1, 1, 1]


[1, 1, 1, 1, 1, 1]


[1, 1, 1, 1]


[1, 1, 1, 1, 1]
[0, 1, 1, 1, 1, 1, 1]


[1, 1, 1, 1, 1, 1, 1]


[1, 1, 1, 1]
[0, 1, 1, 1, 1, 1]
[0, 0, 1, 1, 1, 1, 1, 1]


[1, 1, 1]
[1, 1, 1, 1, 1, 1]
[0, 0, 1, 1, 1, 1, 1, 1]


[1, 1, 1, 1, 1, 1]


[1, 1, 1, 1, 1, 1, 1]
[0, 0, 0, 1, 1, 1, 1, 1]


[1, 1, 1, 1, 1, 1]


[1, 1, 1, 1]
[0, 1, 1, 1, 1]
[0, 1, 1, 1, 1, 1]


[1, 1, 1, 1, 1, 1, 1]


[1, 1, 1, 1, 1, 1]


[1, 1, 1, 1, 1, 1, 1]


[1, 1, 1, 1, 1]


[1, 1, 1, 1, 1, 1, 1]


[1, 1, 1, 1, 1, 1]


[1, 1, 1, 1, 1, 1, 1, 1, 1]


[1, 1, 1, 1]


[1, 1, 1, 1, 1]


[1, 1, 1, 1, 1]


[1, 1]


[1, 1, 1, 1, 1, 1]

******************BLOCKING COMPLETED
BLOCK ROWS: 105 of AVG. SIZE: 147.34332988624612
TRUE NONZEROS: 3943 FAKE NONZEROS : 2617, with AVG. in-block DENSITY: 0.6010670731707317
PRINTING BLOCK DISTRIBUTION: size -- blocks with that size
1 --> 36
2 --> 18
3 --> 14
4 --> 8
5 --> 3
6 --> 8
7 --> 3
8 --> 2
9 --> 2
10 --> 3
13 --> 2
15 --> 3
16 --> 2
103 --> 1
