[1, 1, 1, 1, 1]
[0, 1, 1, 1, 1, 1]


[1]
[1]


[1, 1, 1, 1, 1]
[0, 0, 1, 1, 1]


[1, 1, 1, 1, 1]
[0, 1, 1, 1, 1, 1]
[0, 0, 1, 1, 1, 1]


[1, 1, 1]
[0, 1, 1]
[0, 1, 1]
[1, 1, 1, 1, 1]
[0, 1, 1, 1, 1, 1]
[0, 1, 1, 1, 1, 1, 1]
[0, 0, 1, 1, 1, 1, 1]


[1, 1, 1, 1, 1, 1]


[1, 1, 1, 1, 1, 1, 1]


[1, 1, 1]
[0, 1, 1]
[1, 1, 1, 1, 1]
[0, 0, 1, 1, 1]


[1, 1]
[1, 1, 1]
[1, 1, 1, 1, 1]
[0, 0, 1, 1, 1]
[1, 1, 1, 1, 1, 1, 1, 1]


[1, 1]
[1, 1]
[1, 1]


[1]
[1]
[1]
[1]
[1]
[1]
[1]


[1, 1, 1]
[1, 1, 1, 1, 1]
[0, 0, 1, 1, 1]
[0, 0, 1, 1, 1]
[0, 1, 1, 1, 1, 1]
[0, 1, 1, 1, 1, 1, 1, 1]


[1, 1, 1, 1]
[0, 1, 1, 1, 1]
[1, 1, 1, 1, 1, 1, 1, 1]
[0, 0, 1, 1, 1, 1, 1, 1, 1, 1]


[1, 1, 1]
[0, 1, 1]
[0, 1, 1]
[1, 1, 1, 1]
[0, 1, 1, 1, 1]
[0, 0, 1, 1, 1]
[0, 0, 1, 1, 1]


[1, 1, 1, 1]
[0, 1, 1, 1]
[1, 1, 1, 1, 1, 1]
[0, 0, 1, 1, 1, 1]
[0, 1, 1, 1, 1, 1]


[1, 1, 1, 1, 1]
[0, 0, 1, 1, 1]
[0, 1, 1, 1, 1]
[0, 1, 1, 1, 1]


[1, 1, 1, 1, 1, 1]
[0, 0, 1, 1, 1, 1]
[0, 1, 1, 1, 1, 1]


[1, 1, 1, 1, 1]
[0, 0, 1, 1, 1]
[0, 0, 1, 1, 1]


[1, 1]
[1, 1, 1]


[1, 1, 1]
[1, 1, 1, 1, 1]
[0, 0, 1, 1, 1]
[0, 0, 1, 1, 1]
[0, 0, 1, 1, 1]
[0, 1, 1, 1, 1, 1]


[1, 1, 1, 1]
[0, 1, 1, 1]
[0, 1, 1, 1]
[0, 1, 1, 1, 1]
[0, 0, 1, 1, 1]
[0, 0, 1, 1, 1]
[0, 0, 1, 1, 1]
[1, 1, 1, 1, 1, 1, 1, 1]


[1, 1, 1, 1]
[0, 1, 1, 1, 1]
[0, 0, 1, 1, 1]
[0, 0, 1, 1, 1]
[0, 0, 1, 1, 1]


[1, 1, 1]
[0, 1, 1]
[0, 1, 1]
[0, 1, 1]


[1, 1, 1, 1, 1, 1, 1, 1, 1, 1]


[1, 1]
[1, 1]
[1, 1]
[1, 1]
[1, 1, 1]
[0, 1, 1]


[1, 1, 1, 1, 1]
[0, 1, 1, 1, 1, 1]


[1, 1]
[1, 1, 1]
[0, 1, 1]
[1, 1, 1]
[0, 1, 1]
[0, 1, 1]
[0, 1, 1]
[1, 1, 1, 1]


[1, 1, 1]
[1, 1, 1, 1, 1]
[0, 0, 1, 1, 1]
[0, 0, 1, 1, 1]


[1]
[1]
[1]
[1]
[1]


[]
[]
[]
[]
[]
[]
[]
[]
[]
[]
[]
[]
[]
[]
[]
[]
[]
[]
[]


[1, 1, 1, 1]
[0, 1, 1, 1, 1]
[0, 1, 1, 1, 1, 1]
[0, 1, 1, 1, 1, 1, 1]
[0, 0, 1, 1, 1, 1, 1, 1]


[1, 1]
[1, 1, 1]


[1, 1, 1, 1, 1]
[1, 1, 1, 1, 1, 1, 1]
[0, 0, 1, 1, 1, 1, 1, 1]


[1, 1, 1, 1, 1, 1]
[0, 1, 1, 1, 1, 1, 1]


[1, 1, 1, 1, 1, 1]


[1, 1]
[1, 1, 1]
[1, 1, 1, 1, 1]
[0, 1, 1, 1, 1, 1]


[1, 1, 1, 1, 1, 1]


[1, 1, 1]
[1, 1, 1, 1, 1]
[0, 1, 1, 1, 1, 1]
[0, 1, 1, 1, 1, 1, 1, 1]
[0, 0, 1, 1, 1, 1, 1, 1, 1, 1]


[1, 1, 1, 1]
[0, 1, 1, 1]
[0, 1, 1, 1, 1]
[0, 0, 1, 1, 1]
[1, 1, 1, 1, 1, 1, 1, 1]
[0, 0, 0, 1, 1, 1, 1, 1]


[1, 1, 1, 1]
[0, 1, 1, 1, 1]
[0, 1, 1, 1, 1, 1]
[0, 0, 1, 1, 1, 1]


[1, 1, 1, 1, 1, 1, 1, 1]


[1, 1, 1, 1, 1]


[1, 1]
[1, 1, 1]
[0, 1, 1]
[0, 1, 1]
[0, 1, 1]
[1, 1, 1, 1]
[0, 1, 1, 1, 1]


[1, 1, 1, 1, 1, 1, 1]
[0, 0, 1, 1, 1, 1, 1, 1]


[1]
[1]
[1]
[1]
[1]
[1]
[1]


[1, 1, 1, 1]
[0, 1, 1, 1, 1]
[0, 0, 1, 1, 1]


[1, 1, 1, 1]
[0, 1, 1, 1]
[0, 1, 1, 1]
[0, 1, 1, 1, 1]


[1]


[1, 1]
[1, 1, 1]
[0, 1, 1]
[0, 1, 1]
[0, 1, 1]


[1, 1]
[1, 1, 1]
[0, 1, 1]
[0, 1, 1]
[0, 1, 1]
[1, 1, 1, 1]
[0, 1, 1, 1, 1]


[1, 1, 1, 1, 1, 1]


[1, 1]
[1, 1, 1]
[0, 1, 1]
[1, 1, 1, 1]
[0, 1, 1, 1, 1]
[0, 0, 1, 1, 1]
[0, 0, 1, 1, 1]


[1, 1, 1, 1, 1]
[0, 1, 1, 1, 1, 1]
[0, 0, 1, 1, 1, 1]
[0, 1, 1, 1, 1, 1, 1, 1]


[1, 1, 1]
[0, 1, 1]
[1, 1, 1, 1, 1]
[0, 1, 1, 1, 1, 1]
[0, 0, 1, 1, 1, 1]


[1]
[1]
[1]


[1]
[1]
[1]


[1, 1, 1, 1, 1, 1]
[0, 1, 1, 1, 1, 1, 1, 1]


[1, 1, 1, 1, 1, 1]
[0, 1, 1, 1, 1, 1, 1]


[1, 1, 1, 1, 1, 1, 1]
[0, 0, 1, 1, 1, 1, 1, 1]


[1, 1, 1, 1, 1]
[0, 1, 1, 1, 1, 1]


[1, 1, 1]


[1, 1, 1, 1, 1, 1, 1, 1]
[0, 0, 1, 1, 1, 1, 1, 1, 1, 1]


[1, 1, 1]
[1, 1, 1, 1]
[0, 1, 1, 1, 1]
[0, 0, 1, 1, 1]


[1, 1, 1, 1]
[0, 1, 1, 1, 1]
[0, 0, 1, 1, 1]


[1, 1, 1]
[1, 1, 1, 1, 1]
[0, 0, 1, 1, 1]
[0, 0, 1, 1, 1]
[0, 1, 1, 1, 1, 1]


[1, 1, 1, 1, 1, 1]
[0, 0, 1, 1, 1, 1]
[0, 0, 1, 1, 1, 1]
[0, 0, 1, 1, 1, 1]


[1, 1, 1]
[1, 1, 1, 1]
[0, 1, 1, 1, 1]
[0, 0, 1, 1, 1]
[0, 1, 1, 1, 1]


[1, 1, 1, 1]
[0, 1, 1, 1, 1]


[1, 1, 1]
[1, 1, 1, 1]
[1, 1, 1, 1, 1, 1]


[1, 1, 1]
[0, 1, 1]
[1, 1, 1, 1, 1]


[1]
[1]
[1]
[1]
[1]
[1]


[1, 1]
[1, 1]
[1, 1, 1]
[1, 1, 1, 1, 1]
[0, 0, 1, 1, 1]


[1]
[1]
[1]
[1]
[1]
[1]
[1]
[1]
[1]


[1, 1, 1]
[1, 1, 1]
[0, 1, 1]
[1, 1, 1, 1]
[0, 1, 1, 1]
[0, 1, 1, 1, 1]


[1, 1, 1]
[1, 1, 1, 1]
[1, 1, 1, 1, 1, 1]


[1, 1, 1, 1, 1, 1]


[1, 1, 1, 1, 1]
[0, 0, 1, 1, 1]
[0, 1, 1, 1, 1, 1]


[1, 1, 1]
[1, 1, 1, 1, 1]


[1, 1]
[1, 1, 1]
[0, 1, 1]
[0, 1, 1]


[1, 1, 1]
[0, 1, 1]
[0, 1, 1]
[0, 1, 1]


[1, 1, 1]
[0, 1, 1]
[0, 1, 1]
[1, 1, 1, 1, 1]
[0, 0, 1, 1, 1]


[1, 1, 1]
[0, 1, 1]
[1, 1, 1, 1]
[0, 1, 1, 1, 1]


[1, 1]
[1, 1]
[1, 1, 1]
[1, 1, 1, 1]
[0, 1, 1, 1, 1]
[0, 0, 1, 1, 1]


[1, 1, 1, 1]
[0, 1, 1, 1, 1]
[0, 0, 1, 1, 1]
[0, 1, 1, 1, 1]


[1, 1, 1, 1, 1]
[0, 1, 1, 1, 1, 1]
[1, 1, 1, 1, 1, 1, 1, 1, 1]
[0, 0, 0, 1, 1, 1, 1, 1, 1, 1]
[0, 0, 0, 1, 1, 1, 1, 1, 1, 1, 1]


[1, 1, 1, 1]
[0, 1, 1, 1, 1]
[0, 0, 1, 1, 1]
[0, 0, 1, 1, 1]


[1, 1]
[1, 1, 1]
[1, 1, 1, 1, 1]


[1, 1]
[1, 1, 1]
[1, 1, 1, 1]
[0, 1, 1, 1, 1]
[1, 1, 1, 1, 1, 1, 1]


[1]
[1]
[1]
[1]
[1]
[1]


[1, 1, 1, 1, 1, 1]


[1, 1, 1, 1]
[0, 1, 1, 1, 1]
[0, 1, 1, 1, 1, 1]
[0, 1, 1, 1, 1, 1, 1]


[1, 1, 1, 1, 1]


[1, 1]
[1, 1, 1]
[0, 1, 1]
[1, 1, 1, 1, 1]
[0, 0, 1, 1, 1]


[1, 1, 1, 1, 1, 1]
[0, 1, 1, 1, 1, 1, 1, 1]


[1, 1, 1, 1, 1, 1]


[1, 1, 1, 1, 1, 1]


[1, 1, 1, 1, 1, 1]


[1, 1, 1, 1]
[0, 1, 1, 1, 1]
[0, 0, 1, 1, 1]
[0, 0, 1, 1, 1]


[1, 1, 1, 1]
[0, 1, 1, 1, 1]


[1, 1, 1, 1, 1]
[0, 0, 1, 1, 1]
[0, 0, 1, 1, 1]
[0, 0, 1, 1, 1]


[1, 1, 1, 1, 1]
[0, 0, 1, 1, 1]
[1, 1, 1, 1, 1, 1, 1]


[1, 1, 1, 1]
[0, 1, 1, 1]


[1, 1, 1]
[0, 1, 1]
[0, 1, 1]
[1, 1, 1]
[1, 1, 1, 1, 1]


[1, 1, 1, 1, 1]
[0, 0, 1, 1, 1]
[0, 0, 1, 1, 1]


[1, 1, 1, 1]
[0, 1, 1, 1]
[0, 1, 1, 1, 1]
[0, 1, 1, 1, 1, 1]


[1, 1, 1, 1]
[0, 1, 1, 1]
[0, 1, 1, 1, 1]
[0, 0, 1, 1, 1]


[1, 1, 1]


[1, 1, 1]
[1, 1, 1, 1, 1]
[0, 0, 1, 1, 1]


[1, 1, 1]


[1]
[1]
[1]
[1]


[1, 1, 1, 1, 1, 1]
[0, 0, 1, 1, 1, 1]
[0, 1, 1, 1, 1, 1, 1, 1]


[1, 1, 1, 1, 1]
[0, 0, 1, 1, 1]
[0, 0, 1, 1, 1]
[0, 0, 1, 1, 1]


[1, 1, 1, 1]
[0, 1, 1, 1, 1]
[0, 0, 1, 1, 1]
[0, 0, 1, 1, 1]


[1, 1]


[1, 1, 1, 1]
[0, 1, 1, 1]
[0, 1, 1, 1, 1]
[0, 0, 1, 1, 1]


[1, 1]
[1, 1]
[1, 1, 1]


[1, 1, 1]
[1, 1, 1]
[0, 1, 1]
[0, 1, 1]


[1, 1, 1, 1, 1, 1]
[0, 0, 1, 1, 1, 1]


[1, 1, 1, 1]
[0, 1, 1, 1, 1]
[0, 1, 1, 1, 1]
[0, 0, 1, 1, 1]


[1, 1, 1]
[1, 1, 1, 1]
[0, 1, 1, 1, 1]
[0, 0, 1, 1, 1]
[0, 0, 1, 1, 1]


[1, 1, 1, 1]
[0, 1, 1, 1, 1]


[1, 1, 1, 1, 1, 1]
[0, 1, 1, 1, 1, 1, 1]


[1, 1, 1]
[0, 1, 1]
[0, 1, 1]
[1, 1, 1, 1, 1]
[0, 0, 1, 1, 1]


[1, 1, 1, 1, 1]
[0, 1, 1, 1, 1, 1]


[1]
[1]
[1]
[1]
[1]
[1]


[1, 1]
[1, 1, 1]
[0, 1, 1]


[1]
[1]
[1]
[1]
[1]


[1, 1]
[1, 1]
[1, 1, 1]
[0, 1, 1]


[1, 1, 1]
[1, 1, 1, 1]
[0, 1, 1, 1, 1]


[1, 1, 1]
[0, 1, 1]
[0, 1, 1]
[0, 1, 1]
[0, 1, 1]
[0, 1, 1]


[1, 1, 1, 1]
[1, 1, 1, 1, 1, 1]


[1, 1, 1, 1, 1]
[0, 0, 1, 1, 1]
[0, 0, 1, 1, 1]


[1, 1, 1, 1, 1, 1, 1]
[0, 0, 1, 1, 1, 1, 1, 1]


[1, 1, 1, 1, 1, 1]


[1, 1, 1]
[0, 1, 1]
[0, 1, 1]


[1, 1, 1, 1]
[0, 1, 1, 1, 1]
[0, 0, 1, 1, 1]
[0, 0, 1, 1, 1]


[1, 1, 1, 1, 1, 1, 1]


[1, 1, 1, 1, 1]
[0, 0, 1, 1, 1]
[0, 0, 1, 1, 1]
[1, 1, 1, 1, 1]


[1, 1, 1, 1, 1]
[0, 0, 1, 1, 1]
[0, 0, 1, 1, 1]
[0, 0, 1, 1, 1]


[1, 1, 1]
[0, 1, 1]
[0, 1, 1]
[1, 1, 1, 1]
[0, 1, 1, 1, 1]
[0, 0, 1, 1, 1]
[1, 1, 1, 1, 1, 1]


[1, 1]
[1, 1]
[1, 1, 1]
[1, 1, 1, 1]


[1, 1, 1, 1, 1, 1]
[1, 1, 1, 1, 1, 1, 1, 1, 1, 1]


[1, 1, 1, 1]
[0, 1, 1, 1, 1]


[1, 1, 1, 1]


[1, 1, 1, 1, 1, 1, 1]


[1, 1, 1, 1]


[1, 1, 1, 1, 1]


[1, 1]
[1, 1, 1]
[0, 1, 1]
[0, 1, 1]
[1, 1, 1, 1]


[1, 1, 1, 1]
[0, 1, 1, 1, 1]
[0, 0, 1, 1, 1]


[1, 1, 1, 1]
[1, 1, 1, 1, 1, 1]


[1, 1, 1, 1, 1]


[1, 1, 1]


[1, 1, 1]
[1, 1, 1, 1, 1]


[1, 1, 1, 1, 1, 1]
[0, 0, 1, 1, 1, 1]


[1]
[1]
[1]


[1, 1, 1, 1, 1, 1, 1, 1]


[1, 1]
[1, 1, 1]
[1, 1, 1]


[1, 1]
[1, 1, 1]


[1, 1, 1, 1]
[0, 1, 1, 1, 1]


[1, 1, 1, 1, 1, 1]


[1, 1, 1, 1, 1, 1]


[1, 1]
[1, 1, 1]
[0, 1, 1]


[1, 1, 1, 1, 1]
[0, 0, 1, 1, 1]


[1]
[1]
[1]
[1]
[1]


[1]
[1]
[1]


[1, 1, 1, 1, 1, 1, 1]


[1, 1, 1, 1, 1, 1, 1, 1]
[0, 0, 1, 1, 1, 1, 1, 1]


[1]
[1]
[1]
[1]
[1]


[1, 1, 1, 1]
[0, 1, 1, 1, 1]
[0, 1, 1, 1, 1, 1]


[1, 1, 1, 1, 1]
[0, 0, 1, 1, 1]
[0, 1, 1, 1, 1]
[0, 1, 1, 1, 1, 1]


[1, 1, 1, 1, 1]


[1, 1, 1, 1, 1]
[1, 1, 1, 1, 1, 1, 1, 1]
[0, 0, 1, 1, 1, 1, 1, 1, 1]


[1, 1, 1, 1, 1, 1, 1]


[1]
[1]
[1]


[1, 1, 1, 1, 1, 1]
[0, 0, 1, 1, 1, 1]


[1, 1, 1, 1]
[0, 1, 1, 1]
[0, 1, 1, 1, 1]
[0, 0, 1, 1, 1]
[0, 0, 1, 1, 1]


[1, 1, 1, 1, 1]
[0, 0, 1, 1, 1]


[1, 1]
[1, 1, 1]
[1, 1, 1, 1]


[1, 1, 1, 1, 1, 1]


[1, 1, 1, 1]
[0, 1, 1, 1, 1]


[1, 1]
[1, 1]
[1, 1]
[1, 1]


[1, 1, 1, 1]
[0, 1, 1, 1, 1]


[1, 1, 1, 1, 1]
[1, 1, 1, 1, 1, 1]


[1, 1, 1]
[0, 1, 1]
[1, 1, 1, 1]


[1, 1, 1, 1, 1]


[1, 1]
[1, 1, 1]
[1, 1, 1, 1, 1]


[1, 1]
[1, 1]
[1, 1]


[1, 1, 1, 1, 1, 1, 1, 1, 1, 1]


[1, 1, 1]
[1, 1, 1, 1, 1]


[1, 1, 1]
[0, 1, 1]
[1, 1, 1, 1, 1]


[1, 1, 1, 1, 1]
[0, 1, 1, 1, 1, 1]


[1, 1, 1, 1]
[0, 1, 1, 1, 1]
[0, 1, 1, 1, 1, 1]


[1]
[1]
[1]
[1]


[1, 1, 1, 1, 1]


[1, 1]
[1, 1]
[1, 1, 1]
[1, 1, 1, 1]
[0, 1, 1, 1, 1]


[1, 1, 1, 1, 1]


[1, 1, 1, 1]
[0, 1, 1, 1, 1]


[1, 1, 1, 1]
[0, 1, 1, 1, 1]
[0, 0, 1, 1, 1]
[0, 1, 1, 1, 1, 1]
[0, 0, 1, 1, 1, 1]


[1, 1, 1, 1, 1]
[0, 0, 1, 1, 1]
[0, 1, 1, 1, 1]


[1, 1, 1, 1]
[0, 1, 1, 1, 1]


[1, 1]
[1, 1, 1]


[1, 1]
[1, 1]
[1, 1, 1]
[1, 1, 1, 1]


[1, 1, 1, 1, 1, 1]
[0, 1, 1, 1, 1, 1, 1, 1]


[1, 1, 1, 1, 1, 1]


[1, 1, 1, 1]
[0, 1, 1, 1, 1]


[1, 1, 1, 1, 1, 1]


[1, 1, 1, 1]
[0, 1, 1, 1, 1]


[1, 1, 1, 1, 1]
[0, 1, 1, 1, 1, 1]


[1, 1, 1, 1]
[0, 1, 1, 1, 1]


[1, 1, 1, 1, 1]
[0, 0, 1, 1, 1]


[1, 1, 1, 1]
[0, 1, 1, 1, 1]


[1, 1]
[1, 1, 1]


[1, 1, 1, 1, 1, 1]


[1, 1, 1, 1]
[0, 1, 1, 1, 1]
[0, 0, 1, 1, 1]


[1, 1, 1, 1, 1, 1]


[1, 1, 1, 1, 1, 1]
[0, 0, 1, 1, 1, 1]


[1, 1]


[1, 1, 1, 1]
[1, 1, 1, 1]
[0, 1, 1, 1]
[0, 1, 1, 1, 1]
[0, 1, 1, 1, 1, 1]


[1, 1, 1, 1]
[0, 1, 1, 1, 1]
[0, 1, 1, 1, 1, 1]


[1, 1, 1, 1, 1, 1, 1]


[1, 1, 1, 1, 1, 1]


[1, 1]
[1, 1, 1]
[0, 1, 1]


[1, 1, 1]
[0, 1, 1]
[1, 1, 1]


[1, 1, 1, 1]
[1, 1, 1, 1, 1]
[0, 1, 1, 1, 1]


[1, 1]
[1, 1, 1]
[0, 1, 1]
[0, 1, 1]
[1, 1, 1, 1, 1]
[0, 1, 1, 1, 1, 1]


[1, 1, 1]
[1, 1, 1, 1, 1]
[0, 0, 1, 1, 1]


[1, 1]
[1, 1, 1]
[1, 1, 1, 1, 1]


[1, 1, 1, 1]
[0, 1, 1, 1, 1]
[0, 1, 1, 1, 1, 1]
[0, 0, 1, 1, 1, 1]


[1, 1, 1, 1]
[0, 1, 1, 1]


[1, 1]
[1, 1]


[1, 1, 1]
[0, 1, 1]
[0, 1, 1]


[1, 1, 1, 1, 1]
[1, 1, 1, 1, 1]


[1, 1]


[1, 1, 1, 1, 1]


[1, 1, 1, 1]
[1, 1, 1, 1, 1, 1]


[1, 1]


[1, 1, 1, 1]
[0, 1, 1, 1, 1]
[0, 1, 1, 1, 1, 1]


[1, 1]
[1, 1, 1]


[1, 1, 1, 1, 1]
[0, 1, 1, 1, 1, 1]
[0, 0, 1, 1, 1, 1]


[1, 1]
[1, 1, 1]


[1, 1, 1, 1]
[0, 1, 1, 1, 1]
[0, 1, 1, 1, 1]


[1, 1, 1]
[0, 1, 1]


[1, 1, 1, 1, 1]


[1, 1]
[1, 1, 1]
[0, 1, 1]
[1, 1, 1, 1, 1]


[1, 1, 1, 1, 1, 1]
[0, 1, 1, 1, 1, 1]
[0, 0, 1, 1, 1, 1]


[1, 1, 1, 1]
[0, 1, 1, 1]
[0, 1, 1, 1, 1]


[1, 1, 1, 1]
[0, 1, 1, 1, 1]


[1, 1, 1, 1, 1]
[0, 0, 1, 1, 1]
[0, 1, 1, 1, 1]
[0, 0, 1, 1, 1]


[1, 1, 1, 1, 1, 1]


[1, 1, 1, 1, 1]
[0, 1, 1, 1, 1, 1]


[1, 1]
[1, 1, 1]


[1, 1, 1, 1, 1]


[1, 1, 1, 1]


[1, 1, 1]
[1, 1, 1, 1]


[1, 1, 1, 1, 1, 1, 1]
[0, 0, 1, 1, 1, 1, 1, 1]


[1, 1, 1, 1, 1, 1]
[0, 0, 1, 1, 1, 1]


[1, 1]
[1, 1, 1]


[1, 1, 1, 1, 1, 1]


[1, 1, 1, 1]


[1, 1]
[1, 1, 1]
[1, 1, 1, 1, 1]
[0, 0, 1, 1, 1]


[1, 1, 1, 1, 1, 1, 1]


[1, 1, 1, 1, 1, 1, 1]
[0, 0, 1, 1, 1, 1, 1, 1]


[1, 1, 1, 1, 1]


[1, 1, 1, 1, 1]


[1, 1, 1]
[1, 1, 1, 1, 1]


[1, 1, 1, 1, 1, 1, 1]


[1, 1, 1, 1, 1, 1, 1]


[1, 1]
[1, 1, 1]
[1, 1, 1, 1, 1]


[1, 1]
[1, 1]
[1, 1, 1]


[1, 1, 1, 1, 1]


[1, 1, 1]


[1, 1, 1, 1, 1, 1]


[1, 1, 1, 1]


[1, 1, 1, 1, 1, 1]


[1, 1]
[1, 1, 1]


[1, 1, 1, 1, 1]


[1, 1, 1, 1]


[1, 1, 1]
[1, 1, 1, 1, 1]


[1, 1, 1, 1, 1]


[1, 1, 1]
[0, 1, 1]
[0, 1, 1]
[0, 1, 1]
[0, 1, 1]


[1, 1, 1, 1, 1]
[0, 1, 1, 1, 1]


[1, 1, 1, 1, 1]


[1, 1]
[1, 1]


[1, 1, 1, 1, 1]


[1, 1, 1]


[1, 1]
[1, 1]


[1, 1, 1, 1]
[0, 1, 1, 1, 1]


[1, 1, 1, 1]


[1, 1, 1, 1]
[0, 1, 1, 1, 1]


[1, 1, 1]
[1, 1, 1, 1]


[1, 1, 1, 1, 1, 1]
[0, 1, 1, 1, 1, 1, 1]


[1]
[1]


[1, 1, 1]
[0, 1, 1]


[1, 1]


[1, 1, 1, 1]
[0, 1, 1, 1, 1]
[0, 0, 1, 1, 1]


[1, 1, 1, 1, 1]


[1, 1]
[1, 1]
[1, 1, 1]


[1, 1, 1]


[1, 1, 1, 1, 1]
[0, 1, 1, 1, 1, 1]


[1, 1]
[1, 1, 1]
[0, 1, 1]


[1, 1, 1, 1, 1]


[1, 1, 1, 1, 1]


[1, 1, 1, 1, 1, 1, 1, 1]
[0, 0, 0, 1, 1, 1, 1, 1]


[1, 1, 1]


[1, 1, 1, 1]


[1, 1]


[1, 1]


[1, 1, 1, 1, 1, 1]


[1, 1]


[1, 1]


[1, 1, 1, 1]
[0, 1, 1, 1, 1]


[1, 1, 1, 1]


[1, 1, 1]
[1, 1, 1, 1, 1]


[1, 1, 1]
[0, 1, 1]


[1, 1, 1, 1, 1, 1, 1]


[1, 1, 1]
[0, 1, 1]


[1, 1, 1, 1]
[0, 1, 1, 1, 1]


[1, 1, 1, 1, 1, 1, 1, 1]


[1, 1]


[1, 1, 1, 1, 1]
[0, 0, 1, 1, 1]


[1, 1, 1, 1, 1, 1]


[1, 1, 1, 1, 1, 1, 1]


[1, 1, 1, 1]


[1, 1, 1, 1, 1, 1]
[0, 0, 1, 1, 1, 1]


[1, 1]


[1, 1]


[1, 1, 1]


[1, 1]


[1, 1, 1, 1, 1, 1]


[1, 1, 1, 1, 1]


[1, 1, 1, 1, 1]


[1, 1, 1, 1]


[1, 1, 1, 1]


[1, 1]


[1, 1, 1, 1, 1]


[1, 1, 1]
[1, 1, 1, 1, 1]


[1, 1, 1, 1]


[1, 1]


[1, 1, 1, 1]
[0, 1, 1, 1, 1]
[0, 1, 1, 1, 1]


[1, 1, 1, 1, 1, 1]


[1, 1, 1, 1, 1, 1]


[1, 1, 1, 1, 1]
[0, 0, 1, 1, 1]
[0, 0, 1, 1, 1]


[1, 1, 1]
[1, 1, 1, 1, 1]


[1, 1, 1]


[1, 1]


[1, 1, 1, 1, 1, 1]


[1, 1]


[1, 1, 1, 1, 1, 1]


[1, 1, 1, 1]


[1, 1]


[1, 1, 1, 1]
[0, 1, 1, 1, 1]


[1, 1, 1]


[1, 1, 1, 1]


[1, 1]


[1, 1, 1]
[1, 1, 1, 1]
[0, 1, 1, 1, 1]


[1, 1, 1, 1, 1]


[1, 1, 1]
[1, 1, 1, 1, 1]
[0, 0, 1, 1, 1]


[1, 1]
[1, 1, 1]
[1, 1, 1]


[1, 1]


[1, 1, 1, 1, 1]


[1, 1, 1, 1, 1, 1, 1]
[0, 0, 1, 1, 1, 1, 1, 1]


[1, 1, 1, 1, 1, 1, 1]


[1, 1, 1, 1]


[1, 1, 1, 1, 1, 1]


[1, 1, 1, 1]


[1, 1, 1, 1, 1, 1]


[1, 1, 1]
[0, 1, 1]


[1, 1, 1, 1, 1, 1]


[1, 1, 1, 1]


[1, 1, 1, 1, 1, 1, 1, 1, 1]


[1, 1, 1, 1]
[0, 1, 1, 1, 1]


[1, 1, 1, 1, 1, 1, 1, 1]


[1, 1, 1, 1, 1, 1]


[1, 1, 1, 1]


[1, 1, 1, 1, 1]


[1, 1, 1]
[0, 1, 1]


[1, 1]


[1, 1, 1, 1, 1, 1, 1]


[1, 1, 1, 1]


[1, 1, 1, 1, 1, 1]


[1, 1, 1, 1, 1, 1]


[1, 1]


[1, 1, 1, 1, 1]
[0, 0, 1, 1, 1]


[1, 1, 1, 1, 1, 1, 1, 1, 1]


[1, 1, 1]
[1, 1, 1, 1, 1]


[1, 1, 1, 1, 1]


[1, 1, 1, 1]


[1, 1, 1, 1, 1]


[1, 1, 1, 1, 1]


[1, 1, 1, 1, 1, 1, 1]


[1, 1, 1]


[1, 1, 1, 1, 1, 1, 1]


[1, 1, 1, 1, 1]


[1, 1, 1, 1, 1]


[1, 1, 1, 1, 1]


[1, 1, 1, 1, 1, 1]


[1, 1, 1]


[1, 1, 1, 1, 1, 1]


[1, 1]


[1, 1, 1, 1, 1, 1]


[1, 1, 1, 1]


[1, 1]


[1, 1]


[1, 1, 1, 1, 1]


[1, 1, 1, 1, 1, 1]


[1, 1, 1, 1, 1, 1]


[1, 1, 1, 1]


[1, 1, 1, 1]


[1, 1]


[1, 1, 1, 1]

******************BLOCKING COMPLETED
BLOCK ROWS: 409 of AVG. SIZE: 2.374242424242424
TRUE NONZEROS: 3597 FAKE NONZEROS : 800, with AVG. in-block DENSITY: 0.8180577666590857
PRINTING BLOCK DISTRIBUTION: size -- blocks with that size
1 --> 162
2 --> 97
3 --> 61
4 --> 40
5 --> 27
6 --> 11
7 --> 8
8 --> 2
9 --> 1
