[1, 1, 1]
[1, 1, 1]
[0, 1, 1]
[1, 1, 1, 1]
[1, 1, 1, 1, 1]
[1, 1, 1, 1, 1]


[1, 1, 1, 1, 1]
[0, 1, 1, 1, 1]


[1, 1, 1, 1, 1, 1]
[0, 1, 1, 1, 1, 1]
[0, 1, 1, 1, 1, 1]
[1, 1, 1, 1, 1, 1]
[0, 1, 1, 1, 1, 1]
[0, 1, 1, 1, 1, 1]


[1, 1, 1, 1, 1, 1]
[1, 1, 1, 1, 1, 1, 1]


[1, 1, 1, 1, 1]
[0, 1, 1, 1, 1]
[1, 1, 1, 1, 1]
[0, 1, 1, 1, 1]


[1, 1, 1, 1, 1]
[0, 1, 1, 1, 1]
[0, 1, 1, 1, 1]
[0, 1, 1, 1, 1]
[1, 1, 1, 1, 1]


[1, 1, 1, 1, 1]
[1, 1, 1, 1, 1, 1]
[0, 1, 1, 1, 1, 1]
[1, 1, 1, 1, 1, 1, 1]
[0, 1, 1, 1, 1, 1, 1]


[1]
[1]
[1, 1]
[1, 1, 1]
[1, 1, 1, 1]
[1, 1, 1, 1, 1]
[0, 1, 1, 1, 1]
[1, 1, 1, 1, 1, 1]


[1, 1, 1]
[0, 1, 1]
[0, 1, 1]
[1, 1, 1, 1]
[0, 1, 1, 1]
[0, 1, 1, 1]
[1, 1, 1, 1, 1]
[0, 1, 1, 1, 1]


[1, 1, 1]
[1, 1, 1]
[1, 1, 1, 1]
[1, 1, 1, 1, 1]
[0, 1, 1, 1, 1]
[1, 1, 1, 1, 1, 1]
[0, 1, 1, 1, 1, 1]


[1, 1, 1, 1, 1, 1]
[0, 1, 1, 1, 1, 1]
[1, 1, 1, 1, 1, 1, 1]
[0, 1, 1, 1, 1, 1, 1]
[0, 1, 1, 1, 1, 1, 1]
[0, 1, 1, 1, 1, 1, 1]


[1, 1, 1, 1]
[1, 1, 1, 1, 1]
[0, 1, 1, 1, 1]
[0, 1, 1, 1, 1]
[1, 1, 1, 1, 1]
[1, 1, 1, 1, 1, 1]


[1, 1, 1, 1, 1]
[0, 1, 1, 1, 1]
[0, 1, 1, 1, 1]


[1, 1, 1, 1]
[1, 1, 1, 1]
[0, 1, 1, 1]


[1, 1, 1, 1]
[0, 1, 1, 1]
[1, 1, 1, 1, 1]
[0, 1, 1, 1, 1]
[1, 1, 1, 1, 1, 1]


[1, 1, 1, 1, 1]
[1, 1, 1, 1, 1]
[0, 1, 1, 1, 1]
[0, 1, 1, 1, 1]
[0, 1, 1, 1, 1]
[0, 1, 1, 1, 1]
[0, 1, 1, 1, 1]


[1, 1, 1, 1, 1]
[0, 1, 1, 1, 1]
[1, 1, 1, 1, 1, 1]


[1, 1, 1, 1, 1, 1]
[0, 1, 1, 1, 1, 1]


[1, 1, 1, 1, 1, 1]
[0, 1, 1, 1, 1, 1]


[1, 1, 1, 1, 1]
[1, 1, 1, 1, 1, 1]


[1, 1]
[1, 1, 1]
[0, 1, 1]
[0, 1, 1]
[0, 1, 1]
[0, 1, 1]
[0, 1, 1]
[0, 1, 1]
[0, 1, 1]
[1, 1, 1, 1]


[1, 1, 1, 1]
[0, 1, 1, 1]
[0, 1, 1, 1]
[0, 1, 1, 1]
[0, 1, 1, 1]
[0, 1, 1, 1]


[1]
[1, 1]
[1, 1]
[0, 1]
[0, 1]
[1, 1, 1]
[1, 1, 1, 1]


[1, 1, 1, 1, 1, 1, 1]
[1, 1, 1, 1, 1, 1, 1, 1]
[1, 1, 1, 1, 1, 1, 1, 1, 1]


[1, 1, 1, 1, 1]
[0, 1, 1, 1, 1]
[0, 1, 1, 1, 1]
[1, 1, 1, 1, 1, 1]
[0, 1, 1, 1, 1, 1]
[0, 1, 1, 1, 1, 1]


[1, 1]
[1, 1, 1]
[0, 1, 1]
[0, 1, 1]
[1, 1, 1, 1]
[0, 1, 1, 1]


[1, 1, 1, 1, 1]
[0, 1, 1, 1, 1]
[0, 1, 1, 1, 1]
[1, 1, 1, 1, 1, 1]


[1, 1, 1]
[0, 1, 1]
[1, 1, 1]
[1, 1, 1, 1]
[1, 1, 1, 1, 1]
[0, 1, 1, 1, 1]
[1, 1, 1, 1, 1]


[1, 1, 1, 1]
[1, 1, 1, 1, 1]
[0, 1, 1, 1, 1]
[0, 1, 1, 1, 1]


[1, 1, 1, 1, 1]
[0, 1, 1, 1, 1]
[0, 1, 1, 1, 1]


[1, 1, 1]
[1, 1, 1, 1]
[0, 1, 1, 1]
[1, 1, 1, 1, 1]
[1, 1, 1, 1, 1]
[0, 1, 1, 1, 1]
[0, 1, 1, 1, 1]
[0, 1, 1, 1, 1]


[1, 1, 1]
[1, 1, 1, 1]
[0, 1, 1, 1]
[0, 1, 1, 1]
[1, 1, 1, 1, 1]
[0, 1, 1, 1, 1]


[1, 1, 1, 1, 1]
[0, 1, 1, 1, 1]
[0, 1, 1, 1, 1]
[1, 1, 1, 1, 1, 1]


[1, 1, 1, 1]
[0, 1, 1, 1]
[0, 1, 1, 1]
[0, 1, 1, 1]
[1, 1, 1, 1]
[1, 1, 1, 1]


[1, 1, 1, 1]
[0, 1, 1, 1]
[0, 1, 1, 1]
[0, 1, 1, 1]


[1, 1, 1, 1, 1]
[0, 1, 1, 1, 1]
[0, 1, 1, 1, 1]


[1, 1, 1, 1]
[1, 1, 1, 1, 1]
[0, 1, 1, 1, 1]
[0, 1, 1, 1, 1]


[1, 1, 1, 1]
[1, 1, 1, 1, 1]
[1, 1, 1, 1, 1]
[0, 1, 1, 1, 1]


[1, 1, 1]
[0, 1, 1]
[1, 1, 1]
[1, 1, 1]
[1, 1, 1, 1]
[1, 1, 1, 1, 1]
[1, 1, 1, 1, 1, 1]


[]
[]
[]
[]
[]
[]
[]


[1]
[1, 1]
[0, 1]
[1, 1, 1]
[1, 1, 1]
[0, 1, 1]
[0, 1, 1]
[1, 1, 1, 1]
[0, 1, 1, 1]


[1, 1, 1, 1, 1]
[1, 1, 1, 1, 1, 1]


[1, 1, 1]
[0, 1, 1]
[1, 1, 1]
[1, 1, 1, 1]


[1, 1, 1, 1, 1, 1, 1]
[1, 1, 1, 1, 1, 1, 1, 1]


[1, 1]
[1, 1, 1]
[1, 1, 1, 1]
[1, 1, 1, 1]
[0, 1, 1, 1]
[0, 1, 1, 1]


[1, 1, 1, 1, 1, 1, 1, 1]
[0, 1, 1, 1, 1, 1, 1, 1]
[1, 1, 1, 1, 1, 1, 1, 1]


[1, 1, 1, 1, 1]
[1, 1, 1, 1, 1]


[1]
[1]
[1, 1]
[1, 1, 1]
[0, 1, 1]
[0, 1, 1]
[0, 1, 1]
[0, 1, 1]


[1]
[1, 1]
[1, 1, 1]
[1, 1, 1, 1]


[1]
[1, 1]
[1, 1]
[1, 1, 1]


[1, 1, 1]
[0, 1, 1]
[1, 1, 1, 1]
[1, 1, 1, 1]


[1, 1, 1]
[1, 1, 1, 1]
[1, 1, 1, 1, 1]
[0, 1, 1, 1, 1]


[1, 1, 1, 1]
[1, 1, 1, 1, 1]
[0, 1, 1, 1, 1]
[1, 1, 1, 1, 1, 1]
[0, 1, 1, 1, 1, 1]


[1, 1, 1]
[1, 1, 1, 1]
[1, 1, 1, 1, 1]
[0, 1, 1, 1, 1]


[1, 1, 1, 1]
[1, 1, 1, 1, 1]
[0, 1, 1, 1, 1]
[1, 1, 1, 1, 1]
[0, 1, 1, 1, 1]


[1, 1, 1, 1, 1, 1]
[1, 1, 1, 1, 1, 1, 1]


[1, 1, 1, 1, 1]
[1, 1, 1, 1, 1, 1]
[0, 1, 1, 1, 1, 1]


[1, 1, 1, 1, 1]
[1, 1, 1, 1, 1, 1]
[0, 1, 1, 1, 1, 1]
[1, 1, 1, 1, 1, 1, 1]


[1, 1, 1, 1, 1]
[0, 1, 1, 1, 1]
[1, 1, 1, 1, 1, 1]
[1, 1, 1, 1, 1, 1, 1]


[1, 1]
[1, 1]
[0, 1]
[1, 1, 1]
[1, 1, 1]
[1, 1, 1, 1]
[0, 1, 1, 1]
[0, 1, 1, 1]


[1, 1]
[1, 1]
[1, 1]
[0, 1]
[1, 1, 1]
[1, 1, 1, 1]
[0, 1, 1, 1]
[0, 1, 1, 1]


[1, 1, 1]
[1, 1, 1, 1]
[1, 1, 1, 1]
[1, 1, 1, 1, 1]
[0, 1, 1, 1, 1]


[1, 1, 1, 1, 1]
[0, 1, 1, 1, 1]
[0, 1, 1, 1, 1]


[1, 1, 1, 1, 1, 1]
[0, 1, 1, 1, 1, 1]


[1, 1, 1, 1, 1]
[0, 1, 1, 1, 1]
[1, 1, 1, 1, 1, 1]


[1, 1, 1]
[1, 1, 1]
[0, 1, 1]
[0, 1, 1]


[1, 1, 1]
[0, 1, 1]
[0, 1, 1]
[0, 1, 1]


[1, 1, 1, 1, 1]
[0, 1, 1, 1, 1]
[0, 1, 1, 1, 1]


[1, 1, 1, 1]
[1, 1, 1, 1, 1]
[1, 1, 1, 1, 1, 1]


[1, 1, 1, 1, 1]


[1, 1, 1, 1, 1]


[1, 1, 1]
[1, 1, 1, 1]
[0, 1, 1, 1]
[1, 1, 1, 1, 1]
[0, 1, 1, 1, 1]


[1, 1, 1, 1]
[1, 1, 1, 1, 1]
[0, 1, 1, 1, 1]
[0, 1, 1, 1, 1]
[0, 1, 1, 1, 1]
[1, 1, 1, 1, 1, 1]


[1, 1, 1, 1, 1, 1, 1]
[0, 1, 1, 1, 1, 1, 1]
[0, 1, 1, 1, 1, 1, 1]


[1, 1, 1, 1, 1]
[1, 1, 1, 1, 1, 1]


[1, 1, 1, 1, 1, 1]


[1, 1, 1, 1, 1, 1]
[1, 1, 1, 1, 1, 1, 1]
[0, 1, 1, 1, 1, 1, 1]


[1, 1, 1, 1, 1]
[0, 1, 1, 1, 1]


[1, 1, 1, 1, 1, 1]
[0, 1, 1, 1, 1, 1]
[0, 1, 1, 1, 1, 1]
[0, 1, 1, 1, 1, 1]


[1, 1, 1]
[0, 1, 1]
[0, 1, 1]
[1, 1, 1, 1]


[1, 1, 1, 1]
[1, 1, 1, 1]
[0, 1, 1, 1]


[1, 1, 1, 1, 1, 1]
[1, 1, 1, 1, 1, 1, 1]
[0, 1, 1, 1, 1, 1, 1]


[1, 1, 1, 1, 1, 1, 1]


[1, 1, 1, 1, 1, 1]
[1, 1, 1, 1, 1, 1, 1]


[1, 1, 1]
[1, 1, 1, 1]


[1, 1, 1, 1]
[0, 1, 1, 1]


[1, 1, 1, 1, 1, 1]


[1, 1, 1, 1, 1, 1, 1]
[0, 1, 1, 1, 1, 1, 1]


[1, 1, 1]
[1, 1, 1, 1]
[1, 1, 1, 1, 1]


[1, 1, 1, 1]


[1, 1, 1, 1, 1, 1]
[0, 1, 1, 1, 1, 1]
[0, 1, 1, 1, 1, 1]


[1, 1, 1]
[0, 1, 1]
[1, 1, 1, 1]
[0, 1, 1, 1]
[0, 1, 1, 1]
[1, 1, 1, 1]


[1, 1, 1]


[1, 1, 1]
[1, 1, 1]
[0, 1, 1]
[1, 1, 1, 1]
[0, 1, 1, 1]


[1, 1, 1]
[1, 1, 1, 1]
[0, 1, 1, 1]


[1, 1, 1, 1]
[1, 1, 1, 1, 1]
[0, 1, 1, 1, 1]
[1, 1, 1, 1, 1, 1]


[1, 1, 1]


[1, 1]
[1, 1, 1]
[0, 1, 1]
[1, 1, 1, 1]
[0, 1, 1, 1]


[1, 1, 1, 1, 1]
[1, 1, 1, 1, 1]


[1, 1, 1, 1, 1]


[1, 1, 1, 1, 1]


[1, 1]
[0, 1]
[1, 1, 1]


[1, 1]
[0, 1]
[1, 1]
[1, 1]


[1, 1, 1, 1, 1]


[1, 1, 1]
[1, 1, 1]
[0, 1, 1]


[1, 1, 1, 1, 1]


[1, 1, 1, 1, 1]
[1, 1, 1, 1, 1, 1]


[1, 1, 1, 1, 1]


[1, 1, 1, 1, 1]
[1, 1, 1, 1, 1]


[1, 1, 1, 1]


[1, 1, 1, 1, 1]
[1, 1, 1, 1, 1]
[0, 1, 1, 1, 1]


[1, 1, 1, 1, 1]
[1, 1, 1, 1, 1, 1]


[1, 1, 1]
[0, 1, 1]
[0, 1, 1]


[1, 1, 1, 1]


[1, 1, 1, 1, 1]


[1, 1, 1, 1, 1]


[1, 1, 1, 1, 1]


[1, 1]
[1, 1, 1]


[1, 1, 1, 1]
[1, 1, 1, 1, 1]


[1, 1, 1, 1]


[1, 1]
[1, 1, 1]
[0, 1, 1]


[1, 1]
[0, 1]


[1, 1, 1]


[1, 1]
[0, 1]
[0, 1]


[1, 1, 1]


[1, 1, 1]


[1, 1, 1]
[0, 1, 1]


[1, 1, 1, 1, 1]
[1, 1, 1, 1, 1]


[1, 1, 1]


[1, 1, 1, 1, 1]
[0, 1, 1, 1, 1]


[1, 1, 1, 1, 1]


[1, 1, 1, 1, 1]
[1, 1, 1, 1, 1, 1]


[1, 1, 1, 1, 1]


[1, 1, 1, 1]


[1, 1, 1, 1, 1, 1, 1]


[1, 1, 1, 1, 1]
[0, 1, 1, 1, 1]


[1, 1, 1]


[1, 1, 1, 1, 1, 1, 1, 1]


[1, 1, 1, 1, 1]


[1, 1, 1, 1, 1]


[1, 1, 1, 1, 1, 1, 1, 1]


[1, 1, 1]


[1, 1, 1, 1, 1]


[1, 1, 1, 1, 1]


[1, 1, 1, 1, 1]


[1, 1, 1, 1, 1, 1]


[1, 1, 1]


[1]
[1]
[1, 1]


[1, 1, 1]


[1, 1, 1]


[1, 1, 1]


[1, 1, 1, 1, 1]


[1, 1, 1, 1]


[1, 1, 1]


[1, 1, 1, 1, 1, 1]


[1, 1]
[1, 1, 1]


[1, 1, 1]


[1, 1, 1, 1, 1, 1]


[1, 1, 1, 1]


[1, 1, 1, 1, 1, 1, 1]


[1, 1, 1, 1, 1]


[1]


[1, 1, 1, 1, 1, 1, 1]


[1, 1, 1, 1]


[1, 1, 1]

******************BLOCKING COMPLETED
BLOCK ROWS: 164 of AVG. SIZE: 11.56125
TRUE NONZEROS: 1975 FAKE NONZEROS : 284, with AVG. in-block DENSITY: 0.8742806551571491
PRINTING BLOCK DISTRIBUTION: size -- blocks with that size
1 --> 54
2 --> 29
3 --> 26
4 --> 21
5 --> 9
6 --> 12
7 --> 5
8 --> 6
9 --> 1
10 --> 1
