[1]
[1]
[1]
[1]
[1]
[1]
[1]
[1]
[1]


[1]
[1]
[1]
[1]
[1]
[1]
[1]
[1]
[1]


[1]
[1]
[1]
[1]
[1]
[1]
[1]
[1]
[1]


[1, 1]
[0, 1]
[0, 1]
[0, 1]
[0, 1]
[0, 1]
[0, 1]
[0, 1]
[0, 1]


[1]
[1]
[1]
[1]
[1]
[1]
[1]
[1]
[1]


[]
[]
[]
[]
[]
[]
[]
[]
[]


[1, 1]
[0, 1]
[0, 1]
[0, 1]
[0, 1]
[0, 1]
[0, 1]
[0, 1]
[0, 1]


[1]
[1]
[1]
[1]
[1]
[1]
[1]
[1]
[1]


[]
[]
[]
[]
[]
[]
[]
[]
[]


[1, 1]
[1, 1]
[1, 1]
[0, 1]
[0, 1]
[0, 1]
[0, 1]
[1, 1]
[0, 1]


[]
[]
[]
[]
[]
[]
[]
[]
[]


[1]
[1]
[1]
[1]
[1]
[1]
[1]
[1]
[1]


[1, 1, 1]
[0, 0, 1]
[0, 0, 1]
[0, 0, 1]
[0, 0, 1]
[0, 0, 1]
[0, 0, 1]
[0, 0, 1]
[0, 1, 1]


[]
[]
[]
[]
[]
[]
[]
[]
[]


[1]
[1]
[1]
[1]
[1]
[1]
[1]
[1]
[1]


[1, 1]
[1, 1]
[0, 1]
[1, 1]
[0, 1]
[0, 1]
[0, 1]
[0, 1]
[0, 1]


[1, 1]
[0, 1]
[0, 1]
[0, 1]
[0, 1]
[0, 1]
[0, 1]
[0, 1]
[0, 1]


[]
[]
[]
[]
[]
[]
[]
[]
[]


[]
[]
[]
[]
[]
[]
[]
[]
[]


[1, 1]
[0, 1]
[0, 1]
[0, 1]
[0, 1]
[0, 1]
[0, 1]
[0, 1]
[0, 1]


[]
[]
[]
[]
[]
[]
[]
[]
[]


[1, 1]
[0, 1]
[0, 1]
[0, 1]
[0, 1]
[0, 1]
[0, 1]
[0, 1]
[0, 1]


[]
[]
[]
[]
[]
[]
[]
[]
[]


[1, 1]
[0, 1]
[0, 1]
[1, 1]
[0, 1]
[0, 1, 1]
[0, 0, 0, 1]
[0, 0, 0, 0, 1]
[0, 0, 0, 0, 0, 1]


[]
[]
[]
[]
[]
[]
[]
[]
[]


[1, 1, 1]
[0, 1, 1]
[0, 0, 1]
[0, 0, 1]
[0, 0, 0, 1]


[]
[]
[]
[]
[]
[]
[]
[]
[]


[1, 1]
[1, 1]
[0, 1, 1]
[0, 1, 1]


[1, 1]
[0, 1]
[0, 1]
[0, 1]
[0, 1]
[0, 1]
[0, 1]
[0, 1]
[0, 1]


[1, 1]
[0, 0, 1]
[0, 0, 1]
[0, 0, 1, 1]


[]
[]
[]
[]
[]
[]
[]
[]
[]


[]
[]
[]
[]
[]
[]
[]
[]
[]


[]
[]
[]
[]
[]
[]
[]
[]
[]


[1, 1]
[0, 1, 1]


[]
[]
[]
[]
[]
[]
[]
[]
[]


[]
[]
[]
[]
[]
[]
[]
[]
[]


[1, 1]


[]
[]
[]
[]
[]
[]
[]
[]
[]


[1, 1]


[]
[]
[]
[]
[]
[]
[]
[]
[]


[1, 1, 1]


[]
[]
[]
[]
[]
[]
[]
[]
[]


[]
[]
[]
[]
[]
[]
[]
[]
[]


[]
[]
[]
[]
[]
[]
[]
[]
[]


[]
[]
[]
[]
[]
[]
[]
[]
[]


[1, 1]
[1, 1]
[1, 1]


[1, 1]


[1, 1]


[]
[]
[]
[]
[]
[]
[]
[]
[]


[]
[]
[]
[]
[]
[]
[]
[]
[]


[1, 1, 1]
[0, 1, 1]


[]
[]
[]
[]
[]
[]
[]
[]
[]


[1, 1]


[1, 1, 1]
[0, 1, 1]


[]
[]
[]
[]
[]
[]
[]
[]
[]


[]
[]
[]
[]
[]
[]
[]
[]
[]


[1, 1]


[1, 1]


[1, 1]


[1, 1]


[1, 1, 1]


[1, 1]


[]
[]
[]
[]
[]
[]
[]
[]
[]


[]
[]
[]
[]
[]
[]
[]
[]
[]


[]
[]
[]
[]
[]
[]
[]
[]
[]


[]
[]
[]
[]
[]
[]
[]
[]
[]


[1, 1]


[]
[]
[]
[]
[]
[]
[]
[]
[]


[1, 1]


[]
[]
[]
[]
[]
[]
[]
[]
[]


[]
[]
[]
[]
[]
[]
[]
[]
[]


[]
[]
[]
[]
[]
[]
[]
[]
[]


[]
[]
[]
[]
[]

******************BLOCKING COMPLETED
BLOCK ROWS: 38 of AVG. SIZE: 13.157894736842104
TRUE NONZEROS: 244 FAKE NONZEROS : 118, with AVG. in-block DENSITY: 0.6740331491712708
PRINTING BLOCK DISTRIBUTION: size -- blocks with that size
1 --> 14
2 --> 3
3 --> 1
4 --> 2
5 --> 1
9 --> 17
