[1, 1]
[0, 1, 1, 1]
[0, 0, 0, 1]
[0, 0, 0, 1]
[0, 0, 0, 1]
[0, 0, 0, 1]
[0, 0, 0, 1]
[0, 0, 0, 1]
[0, 0, 0, 1]
[0, 0, 0, 1]
[0, 0, 0, 1]
[0, 0, 0, 1]
[0, 0, 0, 1]
[0, 0, 0, 1]
[0, 0, 0, 1]
[0, 0, 0, 1]


[1]
[1]
[1]
[1, 1, 1]
[0, 0, 1, 1]
[0, 0, 0, 1]
[0, 0, 0, 1]
[0, 0, 0, 1]
[0, 0, 0, 1]
[0, 0, 0, 1]
[0, 0, 0, 1]
[0, 0, 0, 1]
[0, 0, 0, 1]


[1]
[1, 1]
[0, 1, 1]
[0, 0, 1, 1]
[0, 0, 0, 1]
[0, 0, 0, 1]
[0, 0, 0, 1]
[0, 0, 0, 1]
[0, 0, 0, 1]


[]
[]
[]
[]
[]
[]
[]
[]
[]
[]
[]
[]
[]
[]
[]
[]
[]
[]
[]
[]
[]
[]
[]
[]
[]
[]
[]
[]
[]
[]
[]
[]
[]
[]
[]
[]
[]
[]
[]
[]
[]
[]
[]
[]
[]
[]
[]
[]
[]
[]
[]
[]
[]
[]
[]
[]
[]
[]
[]
[]
[]
[]
[]
[]
[]
[]
[]
[]
[]
[]
[]
[]
[]
[]
[]
[]
[]
[]
[]
[]
[]
[]
[]
[]
[]
[]
[]
[]
[]
[]
[]
[]
[]
[]
[]
[]
[]
[]
[]
[]
[]
[]
[]
[]
[]
[]
[]
[]
[]
[]
[]
[]
[]
[]
[]
[]
[]
[]
[]
[]
[]
[]
[]
[]
[]
[]
[]
[]
[]
[]
[]
[]
[]
[]
[]
[]
[]
[]
[]
[]
[]
[]
[]
[]
[]
[]
[]
[]
[]
[]
[]
[]
[]
[]
[]
[]
[]
[]
[]
[]
[]
[]
[]
[]
[]
[]
[]
[]
[]
[]
[]
[]
[]
[]
[]
[]
[]
[]
[]
[]
[]
[]
[]
[]
[]
[]
[]
[]
[]
[]
[]
[]
[]
[]
[]
[]
[]
[]
[]
[]
[]
[]
[]
[]
[]
[]
[]
[]
[]
[]
[]
[]
[]
[]
[]
[]
[]
[]
[]
[]
[]
[]
[]
[]
[]
[]
[]
[]
[]
[]
[]
[]
[]
[]
[]
[]
[]
[]
[]
[]
[]
[]
[]
[]
[]
[]
[]
[]
[]
[]
[]
[]
[]
[]
[]
[]
[]
[]
[]
[]
[]
[]
[]
[]
[]
[]
[]
[]
[]
[]
[]
[]
[]
[]
[]
[]
[]
[]
[]
[]
[]
[]
[]
[]
[]
[]
[]
[]
[]
[]
[]
[]
[]
[]
[]
[]
[]
[]
[]
[]
[]
[]
[]
[]
[]
[]
[]
[]
[]
[]
[]
[]
[]
[]
[]
[]
[]
[]
[]
[]
[]
[]
[]
[]
[]
[]
[]
[]
[]
[]
[]
[]
[]
[]
[]
[]
[]
[]
[]
[]
[]
[]
[]
[]
[]
[]
[]
[]
[]
[]
[]
[]
[]
[]
[]
[]
[]
[]
[]
[]
[]


[1]
[1, 1]
[0, 1]
[0, 1]
[0, 1, 1, 1]
[0, 0, 0, 1]
[0, 0, 0, 1]


[1, 1, 1]
[0, 1, 1]
[0, 0, 1]
[0, 0, 1]
[0, 0, 1, 1]
[0, 0, 0, 1]
[0, 0, 1, 1]
[0, 0, 0, 1]
[0, 0, 0, 1]
[0, 0, 1, 1]
[0, 0, 0, 1]
[0, 0, 0, 1]
[0, 0, 0, 1]
[0, 0, 0, 1]
[0, 0, 0, 1]


[1]
[1, 1]
[0, 1, 1]
[0, 0, 1, 1]
[0, 0, 0, 1]
[0, 0, 0, 1]
[0, 0, 0, 1]
[0, 0, 0, 1]
[0, 0, 0, 1]
[0, 0, 0, 1]
[0, 0, 0, 1]
[0, 0, 0, 1]
[0, 0, 0, 1]
[0, 0, 0, 1]
[0, 0, 0, 1]
[0, 0, 0, 1]
[0, 0, 0, 1]
[0, 0, 0, 1]
[0, 0, 0, 1]
[0, 0, 0, 1]


[1, 1, 1, 1]
[0, 0, 0, 1]
[0, 0, 0, 1]
[0, 0, 0, 1]
[0, 0, 0, 1]
[0, 0, 0, 1]
[0, 0, 0, 1]
[0, 0, 0, 1]
[0, 0, 0, 1]
[0, 0, 0, 1]
[0, 0, 0, 1]
[0, 0, 0, 1]
[0, 0, 0, 1]
[0, 0, 0, 1]
[0, 0, 0, 1]


[1, 1]
[0, 1]
[0, 1]
[0, 1]
[0, 1, 1, 1]
[0, 0, 0, 1]
[0, 0, 0, 1]
[0, 0, 0, 1]
[0, 0, 0, 1]
[0, 0, 0, 1]
[0, 0, 0, 1]


[1]
[1]
[1, 1]
[0, 1, 1, 1]
[0, 0, 0, 1]
[0, 0, 0, 1]
[0, 0, 0, 1]
[0, 0, 0, 1]
[0, 0, 1, 1, 1]
[0, 0, 0, 1, 1]


[1]
[1, 1]
[0, 1, 1]
[0, 0, 1, 1]
[0, 0, 0, 1]
[0, 0, 1, 1, 1]


[1]
[1, 1]
[0, 1]
[0, 1]
[0, 1]
[0, 1, 1]
[0, 0, 1, 1]
[0, 0, 0, 1]
[0, 0, 0, 1]
[0, 0, 0, 1]


[1, 1]
[0, 1]
[0, 1]
[0, 1]
[0, 1, 1]
[0, 0, 1]
[0, 0, 1]
[0, 0, 1, 1]
[0, 0, 0, 1]
[0, 0, 0, 1]
[0, 0, 0, 1]
[0, 0, 0, 1]
[0, 0, 0, 1]
[0, 0, 0, 1]
[0, 0, 0, 1]
[0, 0, 0, 1]
[0, 0, 0, 1]
[0, 0, 0, 1]
[0, 0, 0, 1]
[0, 0, 0, 1]
[0, 0, 0, 1]
[0, 0, 0, 1]


[1]
[1, 1]
[0, 1, 1]
[0, 0, 1]
[0, 0, 1]
[0, 0, 1, 1]
[0, 0, 0, 1]
[0, 0, 0, 1]
[0, 0, 0, 1]
[0, 0, 0, 1]
[0, 0, 0, 1]
[0, 0, 0, 1]
[0, 0, 0, 1]


[1]
[1, 1]
[0, 1, 1, 1]
[0, 0, 0, 1]
[0, 0, 0, 1]
[0, 0, 0, 1]
[0, 0, 0, 1]
[0, 0, 0, 1]
[0, 0, 1, 1]
[0, 0, 0, 1]
[0, 0, 0, 1]
[0, 0, 0, 1]
[0, 0, 0, 1]
[0, 0, 0, 1]
[0, 0, 0, 1]
[0, 0, 0, 1]


[1]
[1, 1]
[0, 1, 1, 1]


[1]
[1]
[1, 1, 1, 1]
[0, 0, 0, 1]
[0, 0, 0, 1]
[0, 0, 0, 1]
[0, 0, 0, 1]


[1]
[1, 1]
[0, 1, 1]
[0, 0, 1, 1]
[0, 0, 0, 1]
[0, 0, 1, 1]
[0, 0, 0, 1]
[0, 0, 0, 1]
[0, 0, 0, 1]
[0, 0, 0, 1]
[0, 0, 0, 1]
[0, 0, 0, 1]
[0, 0, 0, 1]


[1]
[1, 1]
[0, 1, 1]
[0, 0, 1]
[0, 0, 1]
[0, 0, 1, 1]
[0, 0, 0, 1]
[0, 0, 0, 1]
[0, 0, 0, 1]
[0, 0, 0, 1]
[0, 0, 0, 1]


[1]
[1]
[1, 1, 1, 1]
[0, 0, 0, 1]
[0, 0, 0, 1]
[0, 0, 0, 1]
[0, 0, 0, 1]
[0, 0, 0, 1]
[0, 0, 0, 1]
[0, 0, 0, 1]
[0, 0, 0, 1]


[1]
[1, 1]
[0, 1, 1]
[0, 0, 1]
[0, 0, 1]
[0, 0, 1]
[0, 0, 1, 1]
[0, 0, 0, 1]
[0, 0, 0, 1]
[0, 0, 0, 1]
[0, 0, 0, 1]
[0, 0, 1, 1]
[0, 0, 0, 1]
[0, 0, 0, 1]
[0, 0, 0, 1]
[0, 0, 0, 1]
[0, 0, 0, 1]
[0, 0, 0, 1]
[0, 0, 0, 1]


[1]
[1, 1]
[1, 1, 1]
[0, 0, 1, 1]
[0, 0, 0, 1]


[1, 1, 1]
[0, 0, 1]
[0, 0, 1]
[0, 0, 1, 1]
[0, 0, 0, 1]
[0, 0, 0, 1]
[0, 0, 0, 1]
[0, 0, 0, 1]
[0, 0, 1, 1, 1]
[0, 0, 0, 1, 1]
[0, 0, 0, 1, 1, 1, 1]


[1]
[1]
[1, 1, 1, 1]


[1]
[1]
[1, 1]
[0, 1]
[0, 1, 1]
[0, 0, 1]
[0, 0, 1, 1]
[0, 0, 0, 1]
[0, 0, 0, 1]
[0, 0, 0, 1]
[0, 0, 0, 1]
[0, 0, 0, 1]
[0, 0, 0, 1]
[0, 0, 0, 1]
[0, 0, 0, 1]
[0, 0, 0, 1]


[1, 1, 1]
[0, 0, 1]
[0, 0, 1]
[0, 0, 1, 1]
[0, 0, 0, 1]
[0, 0, 0, 1]
[0, 0, 0, 1]
[0, 0, 0, 1]
[0, 0, 0, 1]
[0, 0, 0, 1]
[0, 0, 0, 1]
[0, 0, 0, 1]
[0, 0, 0, 1]
[0, 0, 0, 1]


[1]
[1]
[1]
[1]
[1]
[1]
[1]
[1, 1, 1]
[0, 0, 1, 1]
[0, 0, 0, 1]
[0, 0, 0, 1]
[0, 0, 0, 1]


[1]
[1]
[1]
[1, 1]
[0, 1]
[0, 1, 1, 1]
[0, 0, 0, 1]
[0, 0, 0, 1]
[0, 0, 0, 1]


[1]
[1, 1, 1]
[0, 0, 1]
[0, 0, 1, 1]
[0, 0, 0, 1]
[0, 0, 1, 1, 1, 1]


[1, 1, 1]
[0, 0, 1]
[0, 0, 1, 1]
[0, 0, 0, 1]
[0, 0, 0, 1]
[0, 0, 0, 1]
[0, 0, 0, 1]
[0, 0, 0, 1]
[0, 0, 0, 1]
[0, 0, 0, 1]
[0, 0, 0, 1]
[0, 0, 0, 1]


[1]
[1]
[1, 1]


[1]
[1, 1, 1]
[0, 0, 1]
[0, 0, 1, 1]
[0, 0, 0, 1]
[0, 0, 0, 1]
[0, 0, 0, 1]
[0, 0, 0, 1]
[0, 0, 0, 1]
[0, 0, 0, 1]
[0, 0, 0, 1]
[0, 0, 0, 1]
[0, 0, 0, 1]


[1, 1]
[0, 1, 1, 1]
[0, 0, 0, 1]
[0, 0, 0, 1]
[0, 0, 0, 1]
[0, 0, 0, 1]


[1]
[1, 1]
[0, 1]
[0, 1, 1, 1]
[0, 0, 0, 1]
[0, 0, 0, 1]
[0, 0, 0, 1]
[0, 0, 0, 1]
[0, 0, 0, 1]
[0, 0, 0, 1]
[0, 0, 0, 1]
[0, 0, 0, 1]


[1]
[1, 1]
[0, 1, 1]
[0, 0, 1]
[0, 0, 1, 1]
[0, 0, 0, 1]
[0, 0, 1, 1, 1]


[1, 1]
[0, 1, 1, 1]
[0, 0, 0, 1]
[0, 0, 1, 1, 1]


[1]
[1]
[1, 1]
[0, 1, 1, 1]
[0, 0, 0, 1]
[0, 0, 0, 1]
[0, 0, 0, 1]


[1]
[1, 1]
[0, 1, 1]
[0, 0, 1]
[0, 0, 1, 1]
[0, 0, 0, 1]
[0, 0, 0, 1]
[0, 0, 0, 1]
[0, 0, 0, 1]


[1]
[1]
[1]
[1, 1]
[0, 1, 1, 1]
[0, 0, 0, 1]
[0, 0, 0, 1]
[0, 0, 0, 1]
[0, 0, 0, 1]
[0, 0, 0, 1]
[0, 0, 0, 1]
[0, 0, 0, 1]


[1]
[1, 1]
[0, 1, 1]
[0, 0, 1, 1]
[0, 0, 1, 1, 1, 1]


[1, 1, 1, 1, 1]


[1, 1, 1]
[0, 0, 1]
[0, 0, 1, 1]
[0, 0, 0, 1]
[0, 0, 0, 1]
[0, 0, 0, 1]
[0, 0, 0, 1]
[0, 0, 0, 1]
[0, 0, 0, 1]
[0, 0, 1, 1]


[1, 1]
[0, 1, 1]
[0, 0, 1, 1]


[1]
[1, 1]
[0, 1, 1, 1]
[0, 0, 0, 1]
[0, 0, 0, 1]


[1, 1]
[0, 1, 1]
[0, 0, 1, 1]
[0, 0, 0, 1]
[0, 0, 0, 1]


[1, 1]
[0, 1, 1, 1]


[1]
[1, 1]
[0, 1, 1]
[0, 0, 1, 1]
[0, 0, 1, 1]


[1]
[1]
[1, 1, 1, 1]
[0, 0, 0, 1]
[0, 0, 1, 1]


[1]
[1, 1, 1]
[0, 0, 1, 1]
[0, 0, 0, 1]
[0, 0, 0, 1]


[1]
[1, 1, 1]
[0, 0, 1, 1]


[1]
[1]
[1]
[1, 1]
[0, 1]
[0, 1, 1]
[0, 0, 1, 1]
[0, 0, 0, 1]


[1, 1, 1]
[0, 0, 1]
[0, 0, 1]
[0, 0, 1, 1]
[0, 0, 1, 1]


[1, 1]
[0, 1, 1]
[0, 0, 1]
[0, 0, 1, 1]
[0, 0, 0, 1]
[0, 0, 0, 1]
[0, 0, 0, 1]
[0, 0, 0, 1]


[1, 1]
[0, 1, 1]
[0, 0, 1]
[0, 0, 1, 1]
[0, 0, 0, 1]


[1, 1, 1]
[0, 0, 1, 1]
[0, 0, 1, 1, 1]


[1]
[1]
[1]
[1, 1, 1]
[0, 0, 1]
[0, 0, 1]
[0, 0, 1, 1]
[0, 0, 0, 1]
[0, 0, 0, 1]
[0, 0, 0, 1]


[1]
[1]
[1, 1, 1, 1]
[0, 0, 1, 1]


[1, 1, 1]
[0, 0, 1, 1]


[1]
[1, 1]
[1, 1]
[0, 1, 1]


[1]
[1, 1]
[0, 1, 1]
[0, 0, 1, 1]


[1, 1, 1, 1, 1]


[1, 1, 1, 1, 1]


[1]
[1, 1, 1]


[1, 1]
[0, 1, 1]
[0, 0, 1]
[0, 0, 1]
[0, 0, 1, 1]
[0, 0, 0, 1]
[0, 0, 0, 1]


[1, 1]
[0, 1, 1]
[0, 0, 1, 1]


[1, 1]
[0, 1, 1, 1]


[1, 1]
[0, 1, 1]
[0, 0, 1, 1]


[1, 1, 1, 1]


[1, 1]
[0, 1, 1]
[0, 0, 1, 1]
[0, 0, 0, 1]


[1, 1]
[0, 1]
[0, 1, 1]
[0, 0, 1, 1]
[0, 0, 0, 1]
[0, 0, 0, 1]


[1, 1, 1]
[0, 0, 1, 1]


[1, 1]
[0, 1, 1]
[0, 0, 1, 1]


[1, 1, 1]
[0, 0, 1, 1]


[1, 1]
[0, 1, 1]
[0, 0, 1, 1]


[1, 1]
[0, 1, 1]
[0, 0, 1, 1]


[1, 1]
[0, 1, 1, 1]


[1, 1, 1]
[0, 0, 1, 1]


[1, 1]
[0, 1, 1]
[0, 0, 1, 1]


[1, 1, 1]
[0, 0, 1, 1]


[1]
[1]
[1, 1, 1, 1]
[0, 0, 0, 1]
[0, 0, 1, 1, 1, 1]


[1]
[1, 1]
[0, 1, 1]
[0, 0, 1]
[0, 0, 1, 1]
[0, 0, 0, 1]


[1, 1]
[0, 1, 1]
[0, 0, 1, 1]


[1, 1]
[0, 1, 1]
[0, 0, 1, 1]


[1, 1]
[0, 1, 1]
[0, 0, 1, 1]


[1]
[1, 1, 1]
[0, 0, 1, 1]


[1]
[1, 1]
[0, 1, 1]
[0, 0, 1]
[0, 0, 1]
[0, 0, 1, 1]
[0, 0, 0, 1]


[1, 1]
[0, 1, 1, 1]


[1, 1, 1, 1]


[1, 1, 1]
[0, 0, 1, 1]


[1, 1, 1, 1]


[1, 1]
[0, 1, 1]


[1, 1, 1, 1]


[1, 1, 1]
[0, 0, 1, 1]
[0, 0, 0, 1]
[0, 0, 0, 1]


[1, 1]
[0, 1, 1]
[0, 0, 1, 1]


[1, 1]
[0, 1, 1]
[0, 0, 1, 1]


[1, 1]
[0, 1, 1, 1]


[1, 1, 1]
[0, 0, 1, 1]


[1, 1, 1]
[0, 0, 1]


[1, 1]


[1, 1]
[0, 1, 1]


[1, 1, 1]
[0, 0, 1, 1]


[1, 1, 1]
[0, 0, 1, 1]


[1, 1]
[0, 1, 1]


[1, 1]


[1, 1, 1]
[0, 0, 1, 1]


[1, 1, 1]
[0, 0, 1, 1]


[1, 1]
[0, 1, 1]


[1, 1]
[0, 1, 1]


[1, 1]


[1, 1, 1]


[1, 1]


[1, 1, 1, 1, 1]

******************BLOCKING COMPLETED
BLOCK ROWS: 111 of AVG. SIZE: 9.00900900900901
TRUE NONZEROS: 996 FAKE NONZEROS : 1319, with AVG. in-block DENSITY: 0.4302375809935205
PRINTING BLOCK DISTRIBUTION: size -- blocks with that size
1 --> 13
2 --> 23
3 --> 18
4 --> 6
5 --> 10
6 --> 5
7 --> 6
8 --> 2
9 --> 3
10 --> 4
11 --> 4
12 --> 4
13 --> 4
14 --> 1
15 --> 2
16 --> 3
19 --> 1
20 --> 1
22 --> 1
