[1, 1, 1, 1, 1, 1, 1]
[0, 0, 0, 1, 1, 1, 1]
[0, 0, 1, 1, 1, 1, 1]
[0, 0, 1, 1, 1, 1, 1]
[0, 0, 1, 1, 1, 1, 1, 1]
[0, 0, 1, 1, 1, 1, 1, 1]
[0, 0, 0, 1, 1, 1, 1, 1]
[0, 0, 0, 1, 1, 1, 1, 1]
[0, 0, 0, 1, 1, 1, 1, 1]
[0, 0, 1, 1, 1, 1, 1, 1]
[0, 0, 0, 1, 1, 1, 1, 1, 1]


[1, 1, 1, 1, 1]
[0, 1, 1, 1, 1, 1, 1]


[1, 1, 1, 1, 1]
[0, 1, 1, 1, 1, 1]
[0, 1, 1, 1, 1, 1]
[0, 0, 1, 1, 1, 1, 1]
[0, 0, 0, 1, 1, 1, 1]


[1]
[1]


[1, 1, 1, 1]
[0, 1, 1, 1]
[0, 1, 1, 1]
[0, 1, 1, 1]
[1, 1, 1, 1, 1, 1, 1]
[0, 0, 0, 1, 1, 1, 1]
[0, 0, 1, 1, 1, 1, 1]


[1, 1, 1]
[1, 1, 1, 1, 1]
[0, 1, 1, 1, 1, 1]
[0, 0, 1, 1, 1, 1, 1]
[0, 0, 0, 1, 1, 1, 1]


[1, 1, 1, 1, 1]
[0, 1, 1, 1, 1, 1, 1]
[0, 0, 1, 1, 1, 1, 1]
[0, 0, 0, 1, 1, 1, 1]
[0, 0, 1, 1, 1, 1, 1]
[0, 0, 0, 1, 1, 1, 1]
[0, 0, 1, 1, 1, 1, 1]
[0, 0, 0, 1, 1, 1, 1]


[1, 1, 1, 1, 1]
[0, 1, 1, 1, 1, 1, 1]
[0, 0, 1, 1, 1, 1, 1]


[1, 1, 1]


[1, 1, 1, 1, 1, 1, 1]
[0, 0, 0, 1, 1, 1, 1]
[0, 0, 0, 1, 1, 1, 1]


[1, 1, 1, 1, 1]
[0, 1, 1, 1, 1, 1]


[1, 1, 1]
[1, 1, 1]


[1, 1]
[1, 1]
[1, 1]


[1, 1, 1, 1, 1]
[0, 0, 1, 1, 1]
[0, 1, 1, 1, 1, 1]
[0, 0, 1, 1, 1, 1]


[1, 1, 1]
[0, 1, 1]
[1, 1, 1, 1, 1]


[1, 1]
[1, 1, 1]


[1, 1, 1]


[1, 1]
[1, 1, 1]
[0, 1, 1]


[1, 1]
[1, 1, 1]
[0, 1, 1]
[0, 1, 1]


[1, 1, 1]
[1, 1, 1]
[1, 1, 1, 1]


[1, 1]
[1, 1, 1]
[1, 1, 1, 1, 1]
[0, 1, 1, 1, 1, 1]


[1, 1]
[1, 1, 1]


[1, 1, 1, 1, 1]


[1]
[1]


[1, 1]


[1]


[1, 1, 1]
[0, 1, 1]
[1, 1, 1]


[1, 1, 1]


[1]


[1, 1, 1]


[1, 1]


[1, 1, 1]


[1, 1]
[1, 1, 1]


[1]


[1, 1, 1]


[1, 1, 1, 1]


[1, 1, 1, 1]


[]

******************BLOCKING COMPLETED
BLOCK ROWS: 37 of AVG. SIZE: 2.7027027027027026
TRUE NONZEROS: 370 FAKE NONZEROS : 115, with AVG. in-block DENSITY: 0.7628865979381443
PRINTING BLOCK DISTRIBUTION: size -- blocks with that size
1 --> 14
2 --> 8
3 --> 7
4 --> 3
5 --> 2
7 --> 1
8 --> 1
11 --> 1
