[1, 1, 1]
[0, 1, 1]
[0, 1, 1]
[1, 1, 1]
[1, 1, 1, 1, 1]
[0, 0, 1, 1, 1, 1]
[0, 0, 0, 1, 1, 1, 1]
[0, 0, 0, 0, 1, 1, 1]
[0, 0, 0, 1, 1, 1, 1, 1]
[0, 0, 0, 0, 0, 1, 1, 1, 1]
[0, 0, 0, 0, 1, 1, 1, 1, 1]
[0, 0, 0, 0, 0, 0, 1, 1, 1, 1]
[0, 0, 0, 0, 0, 0, 1, 1, 1, 1]
[0, 0, 0, 0, 0, 0, 1, 1, 1, 1]
[0, 0, 0, 0, 0, 0, 1, 1, 1, 1]
[0, 0, 0, 0, 0, 0, 1, 1, 1, 1]
[0, 0, 0, 0, 0, 0, 1, 1, 1, 1]
[0, 0, 0, 0, 0, 1, 1, 1, 1, 1]
[0, 0, 0, 0, 0, 0, 1, 1, 1, 1]
[0, 0, 0, 0, 0, 0, 1, 1, 1, 1]
[0, 0, 0, 0, 0, 1, 1, 1, 1, 1]
[0, 0, 0, 0, 0, 0, 1, 1, 1, 1]
[0, 0, 0, 0, 0, 0, 1, 1, 1, 1]
[0, 0, 0, 0, 0, 0, 1, 1, 1, 1]
[0, 0, 0, 0, 0, 0, 1, 1, 1, 1]
[0, 0, 0, 0, 0, 0, 1, 1, 1, 1]
[0, 0, 0, 0, 0, 0, 1, 1, 1, 1]
[0, 0, 0, 0, 1, 1, 1, 1, 1, 1]
[0, 0, 0, 0, 0, 0, 1, 1, 1, 1]
[0, 0, 0, 0, 0, 0, 1, 1, 1, 1]
[0, 0, 0, 0, 0, 0, 1, 1, 1, 1]
[0, 0, 0, 0, 0, 0, 1, 1, 1, 1]
[0, 0, 0, 0, 0, 0, 1, 1, 1, 1]
[0, 0, 0, 0, 0, 0, 1, 1, 1, 1]
[0, 0, 0, 0, 0, 0, 1, 1, 1, 1]
[0, 0, 0, 0, 0, 0, 1, 1, 1, 1]
[0, 0, 0, 0, 0, 0, 1, 1, 1, 1]


[]
[]
[]
[]
[]
[]
[]
[]
[]
[]
[]
[]
[]
[]
[]
[]
[]
[]
[]
[]
[]
[]
[]
[]
[]
[]
[]
[]
[]
[]
[]
[]
[]
[]
[]
[]
[]
[]
[]
[]
[]
[]
[]
[]
[]
[]
[]
[]
[]
[]
[]
[]
[]
[]
[]
[]
[]
[]
[]
[]
[]
[]
[]
[]
[]
[]
[]
[]
[]
[]
[]
[]
[]
[]
[]


[1, 1]
[1, 1, 1]
[0, 1, 1]
[1, 1, 1]
[0, 1, 1]
[0, 1, 1]
[0, 1, 1]
[0, 1, 1]
[0, 1, 1]
[0, 1, 1]
[0, 1, 1]
[0, 1, 1]


[1, 1]
[1, 1, 1]
[0, 1, 1]
[0, 1, 1]
[0, 1, 1]
[0, 1, 1]
[0, 1, 1]
[0, 1, 1]
[0, 1, 1]
[0, 1, 1]
[0, 1, 1]
[0, 1, 1]


[1, 1, 1, 1]
[0, 1, 1, 1, 1]
[0, 0, 1, 1, 1, 1, 1]
[0, 0, 0, 0, 1, 1, 1]
[0, 0, 0, 0, 1, 1, 1]
[0, 0, 0, 0, 1, 1, 1]
[0, 0, 0, 0, 1, 1, 1, 1]
[0, 0, 0, 0, 0, 1, 1, 1]
[0, 0, 0, 0, 0, 1, 1, 1]
[0, 0, 0, 0, 0, 1, 1, 1]
[0, 0, 0, 0, 0, 1, 1, 1]
[0, 0, 0, 0, 0, 1, 1, 1]
[0, 0, 0, 0, 0, 1, 1, 1]
[0, 0, 0, 0, 0, 1, 1, 1]
[0, 0, 0, 0, 0, 1, 1, 1]
[0, 0, 0, 0, 1, 1, 1, 1]
[0, 0, 0, 0, 0, 1, 1, 1, 1]


[1, 1]
[1, 1]
[1, 1, 1]
[0, 1, 1]
[0, 1, 1]
[1, 1, 1]
[0, 1, 1]
[0, 1, 1]


[1]
[1]
[1]
[1]
[1]
[1]
[1]
[1]
[1]
[1]
[1]
[1]
[1]
[1]
[1]
[1]


[1]
[1]
[1]
[1]
[1]
[1]
[1]
[1]
[1]
[1]
[1]


[1, 1]
[1, 1, 1]
[0, 1, 1]
[0, 1, 1]
[0, 1, 1]
[0, 1, 1]
[0, 1, 1]
[0, 1, 1]
[0, 1, 1]
[0, 1, 1]
[0, 1, 1]


[1, 1]
[1, 1, 1]
[0, 1, 1]
[0, 1, 1]
[0, 1, 1]
[0, 1, 1]
[1, 1, 1, 1]
[0, 1, 1, 1]
[0, 1, 1, 1]
[0, 1, 1, 1]


[1, 1]
[1, 1, 1]
[0, 1, 1]
[1, 1, 1]
[0, 1, 1]
[0, 1, 1]
[0, 1, 1]
[0, 1, 1]


[1]
[1]
[1]
[1]
[1]
[1]
[1]
[1]
[1]
[1]
[1]
[1]
[1]


[1]
[1]
[1]
[1]
[1]
[1]
[1]
[1]
[1]
[1]
[1]
[1]
[1]
[1]
[1]
[1]
[1]
[1]
[1]


[1, 1]
[1, 1, 1]
[1, 1, 1]


[1, 1, 1, 1]
[0, 1, 1, 1]
[0, 1, 1, 1]
[0, 1, 1, 1]


[1]
[1]
[1]
[1]
[1]
[1]
[1]
[1]
[1]
[1]
[1]
[1]
[1]
[1]


[1, 1]
[1, 1]
[1, 1, 1]
[0, 1, 1]
[0, 1, 1]
[0, 1, 1]
[1, 1, 1]
[0, 1, 1]
[1, 1, 1]
[1, 1, 1]


[1, 1, 1]
[1, 1, 1]
[0, 1, 1]
[0, 1, 1]
[0, 1, 1]
[0, 1, 1]
[0, 1, 1]
[0, 1, 1]


[1, 1]
[1, 1, 1]
[1, 1, 1, 1]


[1, 1]
[1, 1, 1]
[0, 1, 1]
[0, 1, 1]
[0, 1, 1]
[0, 1, 1]
[0, 1, 1]
[0, 1, 1]
[1, 1, 1]
[0, 1, 1]


[1, 1, 1]
[1, 1, 1]


[1, 1]
[1, 1]
[1, 1]
[1, 1, 1]
[0, 1, 1]
[0, 1, 1]
[0, 1, 1]


[1, 1]
[1, 1, 1]
[0, 1, 1]
[1, 1, 1]


[1, 1]
[1, 1]
[1, 1]
[1, 1, 1]
[0, 1, 1]
[0, 1, 1]
[0, 1, 1]


[1, 1]
[1, 1, 1]
[0, 1, 1]
[0, 1, 1]
[0, 1, 1]


[1, 1, 1, 1]


[1, 1]
[1, 1, 1]
[0, 1, 1]


[1, 1]
[1, 1]
[1, 1, 1]
[0, 1, 1]
[0, 1, 1]
[0, 1, 1]


[1]
[1]
[1]
[1]
[1]
[1]
[1]
[1]
[1]
[1]
[1]


[1, 1]
[1, 1]
[1, 1, 1]
[1, 1, 1]
[1, 1, 1]


[1]
[1]
[1]
[1]
[1]
[1]
[1]
[1]
[1]
[1]


[1, 1, 1]
[0, 1, 1]
[0, 1, 1]
[0, 1, 1]
[0, 1, 1]
[0, 1, 1]
[0, 1, 1]
[0, 1, 1]
[0, 1, 1]


[1, 1, 1]
[0, 1, 1]
[0, 1, 1]
[0, 1, 1]


[1, 1, 1]
[0, 1, 1]


[1]
[1]
[1]
[1]
[1]
[1]
[1]
[1]
[1]
[1]
[1]


[1]
[1]
[1]
[1]
[1]
[1]
[1]
[1]
[1]
[1]
[1]
[1]
[1]
[1]
[1]


[1, 1, 1]
[0, 1, 1]
[0, 1, 1]
[1, 1, 1]
[0, 1, 1]


[1, 1]
[1, 1]
[1, 1, 1]
[0, 1, 1]
[0, 1, 1]
[1, 1, 1]


[1]
[1]
[1]
[1]
[1]
[1]
[1]
[1]
[1]
[1]
[1]


[1, 1]
[1, 1]
[1, 1, 1]
[1, 1, 1]


[1, 1]
[1, 1]
[1, 1]
[1, 1]
[1, 1]
[1, 1]
[1, 1, 1]


[1, 1]
[1, 1, 1]
[0, 1, 1]
[0, 1, 1]
[0, 1, 1]
[0, 1, 1]


[1, 1, 1]
[0, 1, 1]


[1, 1]
[1, 1]
[1, 1]
[1, 1, 1]
[0, 1, 1]


[1, 1]
[1, 1]
[1, 1]
[1, 1]


[1, 1]
[1, 1, 1]
[1, 1, 1]
[0, 1, 1]
[1, 1, 1]
[0, 1, 1]


[1, 1, 1]
[0, 1, 1]
[0, 1, 1]
[0, 1, 1]


[1, 1, 1]
[1, 1, 1]


[1, 1, 1]
[0, 1, 1]
[0, 1, 1]
[1, 1, 1]


[1, 1, 1]


[1, 1, 1]


[1, 1, 1]


[1, 1, 1]
[1, 1, 1]


[1, 1, 1]


[1, 1]
[1, 1, 1]


[1, 1, 1]
[1, 1, 1]
[1, 1, 1]


[1, 1]
[1, 1, 1]
[1, 1, 1]
[1, 1, 1]


[1, 1, 1]
[1, 1, 1]


[1, 1, 1]


[1, 1, 1]


[1, 1, 1]
[1, 1, 1]


[1, 1, 1]


[1, 1, 1]


[1, 1, 1]


[1, 1, 1]


[1, 1, 1]


[1, 1, 1]
[1, 1, 1]


[1, 1, 1]


[1, 1, 1]


[1, 1, 1]

******************BLOCKING COMPLETED
BLOCK ROWS: 69 of AVG. SIZE: 7.246376811594203
TRUE NONZEROS: 913 FAKE NONZEROS : 390, with AVG. in-block DENSITY: 0.7006907137375288
PRINTING BLOCK DISTRIBUTION: size -- blocks with that size
1 --> 15
2 --> 9
3 --> 4
4 --> 8
5 --> 4
6 --> 4
7 --> 3
8 --> 3
9 --> 1
10 --> 4
11 --> 5
12 --> 2
13 --> 1
14 --> 1
15 --> 1
16 --> 1
17 --> 1
19 --> 1
37 --> 1
