[1, 1, 1, 1, 1, 1, 1]
[0, 0, 1, 1, 1, 1, 1]
[0, 0, 1, 1, 1, 1, 1]
[0, 1, 1, 1, 1, 1, 1]


[1, 1, 1, 1, 1]


[1, 1, 1, 1]


[1, 1, 1, 1, 1]


[1]
[1]


[1, 1, 1, 1]
[0, 1, 1, 1]
[0, 1, 1, 1]
[0, 1, 1, 1]


[1, 1, 1]


[1, 1, 1, 1, 1]


[1, 1, 1, 1, 1]


[1, 1, 1]


[1, 1, 1, 1, 1]
[0, 1, 1, 1, 1]


[1, 1, 1, 1, 1, 1, 1]


[1, 1, 1, 1, 1, 1]
[0, 1, 1, 1, 1, 1]
[0, 1, 1, 1, 1, 1]
[0, 1, 1, 1, 1, 1, 1]
[0, 0, 1, 1, 1, 1, 1]


[1, 1, 1, 1, 1]
[0, 1, 1, 1, 1]


[1, 1, 1]
[1, 1, 1]


[1, 1, 1, 1, 1, 1]
[0, 1, 1, 1, 1, 1, 1]
[0, 0, 1, 1, 1, 1, 1]
[0, 0, 1, 1, 1, 1, 1]


[1, 1, 1, 1, 1]


[1, 1, 1, 1, 1]


[1, 1]
[1, 1]
[1, 1]


[1, 1, 1, 1, 1]


[1, 1, 1, 1, 1]
[0, 1, 1, 1, 1]
[0, 1, 1, 1, 1]


[1, 1, 1]


[1, 1, 1, 1]
[0, 1, 1, 1]


[1, 1]


[1, 1, 1]
[1, 1, 1]


[1, 1, 1]


[1, 1, 1, 1]


[1, 1]
[1, 1]


[1, 1, 1, 1, 1, 1]


[1, 1, 1, 1, 1]


[1, 1]


[1, 1, 1]
[1, 1, 1]
[1, 1, 1, 1]


[1, 1]


[1, 1]


[1, 1, 1]
[1, 1, 1, 1]


[1, 1, 1, 1, 1]


[1]
[1]


[1, 1, 1]


[1, 1]


[1, 1, 1, 1, 1, 1, 1]
[0, 0, 1, 1, 1, 1, 1]
[0, 1, 1, 1, 1, 1, 1]


[1, 1, 1]


[1, 1, 1, 1, 1]


[1]


[1, 1, 1]
[1, 1, 1]


[1, 1]
[1, 1]


[1, 1, 1]


[1, 1, 1]


[1]


[1, 1, 1, 1, 1]


[1, 1, 1]


[1, 1, 1, 1, 1]


[1, 1]


[1, 1, 1, 1, 1]


[1, 1, 1]
[1, 1, 1, 1]


[1, 1, 1, 1, 1]


[1, 1]


[1, 1]


[1, 1, 1, 1, 1]


[1]


[1, 1]


[1, 1, 1]


[1, 1, 1, 1]


[1, 1, 1, 1, 1]


[1, 1, 1, 1]


[1, 1, 1, 1]


[1, 1, 1, 1, 1]


[]

******************BLOCKING COMPLETED
BLOCK ROWS: 66 of AVG. SIZE: 1.5151515151515151
TRUE NONZEROS: 370 FAKE NONZEROS : 31, with AVG. in-block DENSITY: 0.9226932668329177
PRINTING BLOCK DISTRIBUTION: size -- blocks with that size
1 --> 46
2 --> 12
3 --> 4
4 --> 3
5 --> 1
