[1]
[0, 1, 1]
[0, 0, 0, 1]
[0, 0, 0, 1]
[0, 0, 0, 1, 1]
[0, 0, 0, 1, 1, 1]
[0, 0, 0, 0, 1, 1]
[0, 0, 0, 0, 1, 1]
[0, 0, 0, 0, 1, 1]
[0, 0, 0, 0, 1, 1]
[0, 0, 0, 0, 1, 1]
[0, 0, 0, 0, 1, 1]
[0, 0, 0, 0, 1, 1]
[0, 0, 0, 1, 1, 1, 1]
[0, 0, 0, 0, 1, 1, 1]
[0, 0, 0, 0, 1, 1, 1]
[0, 0, 0, 0, 1, 1, 1]


[1, 1, 1]
[0, 1, 1, 1, 1]
[0, 0, 0, 0, 1]
[0, 0, 0, 1, 1]
[0, 0, 1, 1, 1, 1]
[0, 0, 0, 1, 1, 1, 1]
[0, 0, 0, 0, 1, 1, 1]
[0, 0, 0, 0, 1, 1, 1]


[1, 1]
[0, 0, 1, 1]
[0, 0, 0, 1, 1]
[0, 0, 0, 0, 1]
[0, 0, 0, 0, 1]
[0, 0, 0, 1, 1]
[0, 0, 0, 1, 1]
[0, 0, 0, 0, 1]
[0, 0, 1, 1, 1, 1, 1]
[0, 0, 0, 1, 1, 1, 1, 1]


[1, 1, 1]
[0, 0, 0, 1]
[0, 0, 1, 1, 1, 1]
[0, 0, 0, 0, 1, 1]
[0, 0, 0, 0, 1, 1]
[0, 0, 0, 0, 1, 1]
[0, 0, 0, 0, 1, 1]
[0, 0, 0, 0, 1, 1]
[0, 0, 0, 0, 1, 1]
[0, 0, 0, 0, 1, 1]
[0, 0, 0, 1, 1, 1]
[0, 0, 0, 1, 1, 1]
[0, 0, 0, 1, 1, 1, 1]
[0, 0, 0, 1, 1, 1, 1]


[1, 1]
[0, 0, 1]
[0, 0, 0, 1]
[0, 0, 0, 1, 1]
[0, 0, 1, 1, 1, 1, 1]
[0, 0, 0, 1, 1, 1, 1]
[0, 0, 0, 0, 1, 1, 1]
[0, 0, 0, 0, 1, 1, 1]
[0, 0, 0, 0, 1, 1, 1]


[]
[]
[]
[]
[]
[]
[]
[]
[]
[]
[]
[]
[]
[]
[]
[]
[]
[]
[]
[]
[]
[]
[]
[]
[]
[]
[]
[]
[]
[]
[]
[]
[]
[]
[]
[]
[]
[]
[]
[]
[]
[]
[]
[]
[]
[]
[]
[]
[]
[]
[]
[]
[]
[]
[]
[]
[]
[]
[]
[]
[]
[]
[]
[]
[]
[]
[]


[1, 1]
[0, 0, 1, 1]
[0, 0, 0, 1]
[0, 0, 1, 1, 1, 1]
[0, 0, 0, 0, 1, 1]
[0, 0, 0, 0, 1, 1]
[0, 0, 0, 0, 1, 1]
[0, 0, 0, 0, 1, 1]
[0, 0, 0, 0, 1, 1]
[0, 0, 0, 1, 1, 1]
[0, 0, 0, 0, 1, 1]
[0, 0, 0, 1, 1, 1, 1]
[0, 0, 0, 0, 1, 1, 1]
[0, 0, 0, 0, 1, 1, 1]
[0, 0, 0, 0, 1, 1, 1]


[1, 1, 1]
[0, 1, 1]
[0, 0, 0, 1]
[0, 0, 0, 1]
[0, 0, 0, 1]
[0, 0, 0, 1, 1]
[0, 0, 0, 0, 1]
[0, 0, 0, 0, 1]
[0, 0, 0, 0, 1]
[0, 0, 0, 0, 1]
[0, 0, 0, 0, 1]
[0, 0, 0, 0, 1]
[0, 0, 0, 0, 1]
[0, 0, 0, 1, 1]
[0, 0, 0, 0, 1]
[0, 0, 0, 0, 1]
[0, 0, 0, 0, 1]
[0, 0, 0, 0, 1]
[0, 0, 0, 1, 1, 1]
[0, 0, 0, 1, 1, 1]
[0, 0, 0, 0, 1, 1]
[0, 0, 0, 0, 1, 1]
[0, 0, 0, 0, 1, 1]


[1, 1, 1, 1]
[0, 0, 1, 1, 1]
[0, 0, 0, 0, 1]
[0, 0, 0, 1, 1, 1]
[0, 0, 0, 0, 1, 1]
[0, 0, 0, 0, 1, 1]
[0, 0, 0, 0, 1, 1]
[0, 0, 0, 1, 1, 1, 1]
[0, 0, 0, 1, 1, 1, 1, 1]


[1, 1, 1]
[0, 1, 1, 1]
[0, 0, 0, 1]
[0, 0, 0, 1]
[0, 0, 0, 1]
[0, 0, 0, 1, 1]
[0, 0, 0, 0, 1]
[0, 0, 0, 0, 1]
[0, 0, 0, 0, 1]
[0, 0, 0, 0, 1]
[0, 0, 0, 1, 1, 1]
[0, 0, 0, 1, 1, 1, 1]


[1, 1, 1, 1]
[0, 0, 0, 1, 1]
[0, 0, 0, 1, 1, 1]
[0, 0, 0, 1, 1, 1, 1]
[0, 0, 0, 0, 1, 1, 1]
[0, 0, 0, 1, 1, 1, 1, 1]


[1, 1, 1, 1]
[0, 0, 0, 1]
[0, 0, 1, 1, 1]
[0, 0, 0, 1, 1]
[0, 0, 0, 0, 1]
[0, 0, 1, 1, 1, 1]
[0, 0, 0, 1, 1, 1, 1]
[0, 0, 0, 0, 1, 1, 1]


[1, 1, 1, 1, 1]
[0, 0, 0, 1, 1, 1]
[0, 0, 0, 0, 1, 1]
[0, 0, 0, 1, 1, 1]
[0, 0, 0, 0, 1, 1]
[0, 0, 0, 0, 1, 1]
[0, 0, 0, 0, 1, 1]
[0, 0, 0, 1, 1, 1, 1]
[0, 0, 0, 0, 1, 1, 1]
[0, 0, 0, 0, 1, 1, 1]
[0, 0, 0, 0, 1, 1, 1]


[1, 1, 1]
[0, 0, 1, 1, 1]
[0, 0, 0, 0, 1]
[0, 0, 0, 1, 1]
[0, 0, 0, 1, 1]
[0, 0, 0, 0, 1]
[0, 0, 0, 1, 1, 1]
[0, 0, 0, 0, 1, 1]
[0, 0, 0, 1, 1, 1, 1]


[1, 1, 1]
[0, 0, 1, 1]
[0, 0, 0, 1]
[0, 0, 1, 1, 1]
[0, 0, 0, 0, 1]
[0, 0, 0, 1, 1]
[0, 0, 1, 1, 1]
[0, 0, 0, 0, 1]
[0, 0, 0, 1, 1, 1]
[0, 0, 0, 0, 1, 1]
[0, 0, 0, 1, 1, 1, 1]
[0, 0, 0, 1, 1, 1, 1]


[1, 1, 1]
[0, 0, 0, 1]
[0, 0, 0, 1]
[0, 0, 0, 1]
[0, 0, 0, 1]
[0, 0, 0, 1, 1]
[0, 0, 0, 1, 1, 1]
[0, 0, 0, 0, 1, 1]
[0, 0, 0, 0, 1, 1]
[0, 0, 0, 0, 1, 1]
[0, 0, 0, 0, 1, 1]
[0, 0, 0, 0, 1, 1]
[0, 0, 0, 1, 1, 1, 1]
[0, 0, 0, 0, 1, 1, 1]
[0, 0, 0, 0, 1, 1, 1]
[0, 0, 0, 0, 1, 1, 1]


[1, 1, 1]
[0, 0, 0, 1]
[0, 0, 1, 1, 1, 1]
[0, 0, 0, 0, 1, 1]
[0, 0, 0, 1, 1, 1, 1]
[0, 0, 0, 0, 1, 1, 1]
[0, 0, 0, 0, 1, 1, 1]


[1, 1]
[0, 0, 1, 1]
[0, 0, 0, 1, 1]
[0, 0, 0, 1, 1, 1]
[0, 0, 0, 1, 1, 1]
[0, 0, 0, 0, 1, 1]
[0, 0, 0, 0, 1, 1]
[0, 0, 0, 0, 1, 1]
[0, 0, 0, 0, 1, 1]
[0, 0, 0, 0, 1, 1]
[0, 0, 0, 1, 1, 1, 1]
[0, 0, 0, 0, 1, 1, 1]
[0, 0, 0, 0, 1, 1, 1]


[1, 1, 1, 1, 1]
[0, 0, 0, 1, 1, 1]
[0, 0, 0, 0, 1, 1]
[0, 0, 0, 0, 1, 1]
[0, 0, 0, 0, 1, 1]
[0, 0, 0, 0, 1, 1]
[0, 0, 1, 1, 1, 1]
[0, 0, 0, 0, 1, 1]
[0, 0, 0, 0, 1, 1]
[0, 0, 0, 0, 1, 1]
[0, 0, 0, 0, 1, 1]
[0, 0, 0, 0, 1, 1]


[1, 1, 1]
[0, 0, 1, 1]
[0, 0, 1, 1]
[0, 0, 0, 1]
[0, 0, 0, 1]
[0, 0, 0, 1]
[0, 0, 1, 1]
[0, 0, 0, 1, 1]
[0, 0, 0, 1, 1, 1]
[0, 0, 0, 0, 1, 1]
[0, 0, 0, 0, 1, 1]
[0, 0, 0, 0, 1, 1]
[0, 0, 0, 0, 1, 1]


[1, 1, 1, 1]
[0, 0, 1, 1, 1, 1]
[0, 0, 0, 1, 1, 1, 1]


[1, 1, 1]
[0, 0, 0, 1]
[0, 0, 1, 1, 1]
[0, 0, 0, 0, 1]
[0, 0, 0, 0, 1]
[0, 0, 0, 0, 1]
[0, 0, 0, 0, 1]
[0, 0, 0, 1, 1]
[0, 0, 0, 1, 1]
[0, 0, 0, 0, 1]
[0, 0, 1, 1, 1, 1, 1]
[0, 0, 0, 0, 1, 1, 1]
[0, 0, 0, 0, 1, 1, 1]
[0, 0, 0, 0, 1, 1, 1]


[1, 1, 1]
[0, 0, 0, 1]
[0, 0, 1, 1, 1]
[0, 0, 0, 0, 1]
[0, 0, 0, 0, 1]
[0, 0, 0, 0, 1]
[0, 0, 0, 0, 1]
[0, 0, 0, 0, 1]
[0, 0, 0, 0, 1]
[0, 0, 0, 0, 1]
[0, 0, 0, 0, 1]
[0, 0, 0, 0, 1]
[0, 0, 0, 0, 1]
[0, 0, 0, 0, 1]
[0, 0, 0, 0, 1]
[0, 0, 0, 0, 1]
[0, 0, 0, 0, 1]
[0, 0, 0, 0, 1]
[0, 0, 0, 0, 1]
[0, 0, 0, 1, 1]
[0, 0, 0, 1, 1]
[0, 0, 0, 1, 1]
[0, 0, 0, 0, 1]
[0, 0, 0, 0, 1]
[0, 0, 0, 1, 1, 1]
[0, 0, 0, 1, 1, 1]
[0, 0, 0, 0, 1, 1]


[1, 1, 1]
[0, 0, 0, 1]
[0, 0, 1, 1, 1, 1]
[0, 0, 0, 0, 1, 1]
[0, 0, 0, 0, 1, 1]
[0, 0, 0, 0, 1, 1]
[0, 0, 0, 0, 1, 1]
[0, 0, 0, 1, 1, 1, 1]


[1, 1, 1, 1]
[0, 0, 0, 1, 1]
[0, 0, 0, 1, 1]
[0, 0, 0, 0, 1]
[0, 0, 0, 0, 1]
[0, 0, 0, 0, 1]
[0, 0, 0, 1, 1, 1]
[0, 0, 0, 0, 1, 1]
[0, 0, 0, 0, 1, 1]
[0, 0, 0, 0, 1, 1]
[0, 0, 0, 0, 1, 1]
[0, 0, 0, 0, 1, 1]
[0, 0, 0, 0, 1, 1]


[1, 1]
[0, 1, 1, 1]
[0, 1, 1, 1]
[0, 0, 1, 1, 1]
[0, 0, 0, 1, 1]
[0, 0, 0, 1, 1]
[0, 0, 0, 1, 1, 1]
[0, 0, 0, 0, 1, 1]
[0, 0, 0, 0, 1, 1]
[0, 0, 0, 0, 1, 1]
[0, 0, 0, 0, 1, 1]
[0, 0, 0, 0, 1, 1]
[0, 0, 0, 0, 1, 1]


[1]
[0, 1]
[0, 0, 1]
[0, 0, 1, 1, 1]
[0, 0, 0, 1, 1, 1]
[0, 0, 0, 1, 1, 1, 1]


[1]
[0, 1, 1, 1]
[0, 0, 0, 1, 1]
[0, 0, 1, 1, 1, 1]
[0, 0, 0, 0, 1, 1]
[0, 0, 0, 0, 1, 1]


[1, 1]
[0, 0, 1]
[0, 1, 1]
[0, 1, 1, 1, 1]
[0, 0, 0, 0, 1]
[0, 0, 0, 0, 1]
[0, 0, 0, 0, 1]
[0, 0, 0, 0, 1]
[0, 0, 0, 1, 1]
[0, 0, 0, 0, 1]
[0, 0, 0, 0, 1]
[0, 0, 1, 1, 1, 1]
[0, 0, 0, 1, 1, 1]
[0, 0, 0, 0, 1, 1]
[0, 0, 0, 0, 1, 1]
[0, 0, 0, 0, 1, 1]


[1, 1, 1]
[0, 0, 0, 1]
[0, 0, 0, 1]
[0, 0, 0, 1, 1]
[0, 0, 0, 0, 1]
[0, 0, 0, 0, 1]
[0, 0, 0, 0, 1]
[0, 0, 0, 0, 1]
[0, 0, 0, 0, 1]
[0, 0, 0, 0, 1]
[0, 0, 0, 0, 1]
[0, 0, 0, 0, 1]
[0, 0, 0, 0, 1]
[0, 0, 0, 1, 1, 1]
[0, 0, 0, 0, 1, 1]
[0, 0, 0, 0, 1, 1]


[1, 1, 1]
[0, 1, 1, 1]
[0, 0, 1, 1, 1]
[0, 0, 0, 0, 1]
[0, 0, 0, 0, 1]
[0, 0, 0, 1, 1, 1]
[0, 0, 0, 0, 1, 1]
[0, 0, 0, 0, 1, 1]


[1, 1, 1]
[0, 0, 1, 1, 1]
[0, 0, 0, 0, 1]
[0, 0, 0, 0, 1]
[0, 0, 0, 0, 1]
[0, 0, 0, 1, 1, 1]
[0, 0, 0, 1, 1, 1]


[1, 1]
[0, 0, 1, 1]
[0, 0, 1, 1, 1]
[0, 0, 0, 0, 1]
[0, 0, 0, 0, 1]
[0, 0, 0, 1, 1]
[0, 0, 0, 0, 1]
[0, 0, 0, 0, 1]
[0, 0, 0, 0, 1]


[1, 1, 1]
[0, 0, 1, 1, 1]
[0, 0, 0, 0, 1]
[0, 0, 0, 1, 1, 1]
[0, 0, 0, 0, 1, 1]


[1, 1, 1, 1, 1]
[0, 0, 0, 0, 1]
[0, 0, 0, 0, 1]
[0, 0, 0, 0, 1]
[0, 0, 0, 0, 1]
[0, 0, 0, 0, 1]
[0, 0, 0, 0, 1]
[0, 0, 0, 0, 1]
[0, 0, 0, 0, 1]
[0, 0, 1, 1, 1]
[0, 0, 0, 1, 1]
[0, 0, 0, 1, 1]


[1, 1, 1, 1]
[0, 0, 0, 1]
[0, 0, 1, 1]
[0, 0, 0, 1, 1]
[0, 0, 0, 0, 1]
[0, 0, 0, 0, 1]
[0, 0, 0, 0, 1]
[0, 0, 0, 1, 1, 1]


[1, 1, 1, 1, 1, 1]
[0, 0, 0, 0, 1, 1]
[0, 0, 0, 0, 1, 1]


[1, 1, 1, 1]
[0, 0, 0, 1]
[0, 0, 0, 1, 1]
[0, 0, 0, 0, 1]
[0, 0, 0, 1, 1]
[0, 0, 0, 0, 1]
[0, 0, 0, 0, 1]
[0, 0, 0, 1, 1]
[0, 0, 0, 0, 1]
[0, 0, 0, 0, 1]
[0, 0, 0, 1, 1]
[0, 0, 0, 0, 1]


[1, 1, 1, 1, 1]
[0, 0, 0, 1, 1, 1]
[0, 0, 0, 0, 1, 1]
[0, 0, 0, 0, 1, 1]


[1, 1]
[1, 1]
[0, 0, 1, 1]
[0, 0, 0, 1]
[0, 0, 0, 1]
[0, 0, 0, 1]
[0, 0, 0, 1]
[0, 0, 0, 1, 1]


[1, 1]
[0, 0, 1]
[0, 0, 0, 1]
[0, 1, 1, 1]


[1, 1, 1, 1]
[0, 0, 0, 1, 1]


[1, 1, 1]
[0, 0, 1]
[0, 0, 0, 1]


[1, 1, 1, 1, 1, 1]


[1, 1, 1, 1]

******************BLOCKING COMPLETED
BLOCK ROWS: 44 of AVG. SIZE: 11.363636363636363
TRUE NONZEROS: 943 FAKE NONZEROS : 1441, with AVG. in-block DENSITY: 0.39555369127516776
PRINTING BLOCK DISTRIBUTION: size -- blocks with that size
1 --> 2
2 --> 1
3 --> 3
4 --> 2
5 --> 1
6 --> 3
7 --> 2
8 --> 6
9 --> 4
10 --> 1
11 --> 1
12 --> 5
13 --> 4
14 --> 2
15 --> 1
16 --> 3
17 --> 1
23 --> 1
27 --> 1
