[1, 1, 1]
[0, 1, 1, 1]


[1, 1]
[1, 1, 1]
[0, 1, 1]
[0, 1, 1]


[1, 1]


[1, 1, 1, 1]
[0, 0, 1, 1, 1]


[1]
[1]


[1]


[1, 1]


[1, 1]
[1, 1, 1]


[1, 1, 1, 1, 1]
[0, 0, 0, 1, 1, 1, 1]
[0, 0, 0, 0, 0, 1, 1, 1, 1, 1, 1, 1]
[0, 0, 0, 0, 0, 0, 0, 0, 0, 0, 1, 1, 1, 1, 1, 1]
[0, 0, 0, 0, 0, 0, 0, 0, 0, 0, 0, 0, 0, 1, 1, 1, 1]
[0, 0, 0, 0, 0, 0, 0, 0, 0, 0, 0, 0, 0, 0, 1, 1, 1, 1]
[0, 0, 0, 0, 0, 0, 0, 0, 0, 0, 0, 0, 0, 0, 0, 1, 1, 1, 1, 1]
[0, 0, 0, 0, 0, 0, 0, 0, 0, 0, 0, 0, 0, 0, 0, 0, 0, 1, 1, 1]
[0, 0, 0, 0, 0, 0, 0, 0, 0, 0, 0, 0, 0, 0, 0, 0, 0, 1, 1, 1]
[0, 0, 0, 0, 0, 0, 0, 0, 0, 0, 0, 0, 0, 0, 0, 0, 0, 1, 1, 1]
[0, 0, 0, 0, 0, 0, 0, 0, 0, 0, 0, 0, 0, 0, 0, 0, 0, 1, 1, 1]
[0, 0, 0, 0, 0, 0, 0, 0, 0, 0, 0, 0, 0, 0, 0, 0, 0, 1, 1, 1]
[0, 0, 0, 0, 0, 0, 0, 0, 0, 0, 0, 0, 0, 0, 0, 0, 0, 1, 1, 1]
[0, 0, 0, 0, 0, 0, 0, 0, 0, 0, 0, 0, 0, 0, 0, 0, 0, 1, 1, 1]
[0, 0, 0, 0, 0, 0, 0, 0, 0, 0, 0, 0, 0, 0, 0, 0, 1, 1, 1, 1, 1]
[0, 0, 0, 0, 0, 0, 0, 0, 0, 0, 0, 0, 0, 0, 0, 0, 0, 1, 1, 1, 1]
[0, 0, 0, 0, 0, 0, 0, 0, 0, 0, 0, 0, 0, 0, 0, 0, 1, 1, 1, 1, 1, 1]


[1]
[1]


[1, 1, 1]
[0, 1, 1, 1]
[0, 1, 1, 1, 1, 1, 1]
[0, 0, 0, 0, 1, 1, 1]


[1]


[1, 1, 1, 1, 1]
[0, 0, 0, 1, 1, 1]


[1, 1]


[1]
[1]
[1]


[1, 1, 1, 1]
[0, 0, 1, 1, 1, 1, 1]
[0, 0, 0, 0, 0, 1, 1, 1, 1, 1]


[]
[]
[]
[]
[]
[]
[]
[]
[]
[]
[]
[]
[]
[]
[]
[]
[]
[]
[]
[]
[]
[]
[]
[]
[]
[]
[]
[]
[]
[]
[]
[]
[]
[]
[]
[]
[]
[]
[]
[]
[]
[]
[]
[]
[]
[]


[1, 1]
[1, 1, 1]


[1, 1, 1, 1, 1]
[0, 0, 0, 1, 1]


[1]
[1]
[1]


[1, 1]


[1, 1]


[1, 1, 1]
[0, 1, 1, 1, 1, 1]


[1, 1, 1]
[0, 1, 1, 1, 1, 1]
[0, 0, 0, 1, 1, 1, 1, 1, 1]
[0, 0, 0, 0, 0, 0, 1, 1, 1, 1, 1, 1]


[1, 1, 1, 1]
[0, 0, 1, 1]
[0, 0, 1, 1]


[1]


[1, 1, 1, 1]
[0, 0, 1, 1, 1]
[0, 0, 0, 1, 1]


[1, 1, 1]
[0, 1, 1, 1, 1]
[0, 0, 0, 1, 1]


[1, 1]
[1, 1, 1]


[1]
[1]
[1]


[1, 1]


[1, 1, 1]


[1, 1]
[1, 1, 1, 1]


[1, 1]


[1, 1, 1, 1]
[0, 0, 1, 1, 1, 1]


[1]
[1]


[1]


[1]
[1]
[1]
[1]


[1, 1]


[1, 1, 1]
[0, 1, 1, 1, 1, 1]


[1]
[1]
[1]
[1]


[1, 1, 1, 1]
[0, 0, 1, 1, 1, 1]


[1, 1]


[1, 1]


[1, 1]


[1, 1, 1]
[0, 1, 1, 1, 1]
[0, 0, 0, 1, 1]


[1]
[1]
[1]


[1, 1, 1]
[0, 1, 1, 1]


[1, 1, 1, 1, 1]
[0, 0, 0, 1, 1, 1, 1]
[0, 0, 0, 0, 0, 1, 1, 1, 1, 1, 1]
[0, 0, 0, 0, 0, 0, 0, 0, 1, 1, 1]
[0, 0, 0, 0, 0, 0, 0, 0, 1, 1, 1, 1, 1]
[0, 0, 0, 0, 0, 0, 0, 0, 0, 0, 1, 1, 1]
[0, 0, 0, 0, 0, 0, 0, 0, 0, 0, 1, 1, 1, 1]


[1, 1, 1]
[0, 1, 1, 1]
[0, 0, 1, 1]


[1, 1, 1, 1]


[1, 1]
[1, 1, 1, 1]


[1, 1, 1]
[0, 1, 1]


[1, 1, 1]
[0, 1, 1, 1, 1, 1, 1]
[0, 0, 0, 0, 0, 1, 1, 1, 1, 1, 1]
[0, 0, 0, 0, 0, 0, 0, 0, 1, 1, 1, 1, 1, 1, 1]
[0, 0, 0, 0, 0, 0, 0, 0, 0, 0, 0, 0, 1, 1, 1, 1, 1]
[0, 0, 0, 0, 0, 0, 0, 0, 0, 0, 0, 0, 0, 0, 1, 1, 1, 1, 1]
[0, 0, 0, 0, 0, 0, 0, 0, 0, 0, 0, 0, 0, 0, 0, 0, 1, 1, 1, 1, 1]
[0, 0, 0, 0, 0, 0, 0, 0, 0, 0, 0, 0, 0, 0, 0, 0, 0, 1, 1, 1, 1, 1]
[0, 0, 0, 0, 0, 0, 0, 0, 0, 0, 0, 0, 0, 0, 0, 0, 0, 0, 0, 1, 1, 1, 1]
[0, 0, 0, 0, 0, 0, 0, 0, 0, 0, 0, 0, 0, 0, 0, 0, 0, 0, 0, 1, 1, 1, 1, 1]
[0, 0, 0, 0, 0, 0, 0, 0, 0, 0, 0, 0, 0, 0, 0, 0, 0, 0, 0, 0, 1, 1, 1, 1]
[0, 0, 0, 0, 0, 0, 0, 0, 0, 0, 0, 0, 0, 0, 0, 0, 0, 0, 0, 0, 0, 1, 1, 1]
[0, 0, 0, 0, 0, 0, 0, 0, 0, 0, 0, 0, 0, 0, 0, 0, 0, 0, 0, 0, 0, 1, 1, 1]
[0, 0, 0, 0, 0, 0, 0, 0, 0, 0, 0, 0, 0, 0, 0, 0, 0, 0, 0, 0, 1, 1, 1, 1, 1]


[1, 1, 1]
[0, 1, 1, 1, 1]


[1]
[1]


[1, 1, 1]
[0, 1, 1, 1]


[1, 1]


[1, 1, 1, 1, 1, 1]
[0, 0, 0, 0, 1, 1, 1, 1]
[0, 0, 0, 0, 0, 0, 1, 1, 1, 1]
[0, 0, 0, 0, 0, 0, 0, 1, 1, 1, 1, 1, 1]
[0, 0, 0, 0, 0, 0, 0, 0, 0, 0, 1, 1, 1, 1]
[0, 0, 0, 0, 0, 0, 0, 0, 0, 0, 0, 1, 1, 1, 1, 1, 1]
[0, 0, 0, 0, 0, 0, 0, 0, 0, 0, 0, 0, 0, 0, 1, 1, 1]
[0, 0, 0, 0, 0, 0, 0, 0, 0, 0, 0, 0, 0, 0, 1, 1, 1, 1]
[0, 0, 0, 0, 0, 0, 0, 0, 0, 0, 0, 0, 0, 0, 0, 1, 1, 1]
[0, 0, 0, 0, 0, 0, 0, 0, 0, 0, 0, 0, 0, 0, 0, 1, 1, 1]
[0, 0, 0, 0, 0, 0, 0, 0, 0, 0, 0, 0, 0, 0, 0, 1, 1, 1]
[0, 0, 0, 0, 0, 0, 0, 0, 0, 0, 0, 0, 0, 0, 1, 1, 1, 1, 1]


[1, 1, 1]


[1, 1, 1]
[0, 1, 1, 1, 1, 1]


[1, 1]
[1, 1]


[1, 1]


[1, 1, 1]
[0, 1, 1, 1, 1]


[1, 1, 1]
[0, 1, 1, 1, 1, 1, 1]


[1]
[1]


[1, 1]


[1, 1, 1]
[0, 1, 1, 1, 1]


[1, 1, 1, 1]
[0, 0, 1, 1, 1]
[0, 0, 0, 1, 1]
[0, 0, 0, 1, 1]
[0, 0, 0, 1, 1]


[1]
[1]


[1, 1]
[1, 1, 1]


[1, 1]
[1, 1, 1, 1]
[0, 0, 1, 1]


[1, 1]
[1, 1]


[1]
[1]
[1]
[1]
[1]


[1, 1, 1]
[0, 1, 1]


[1, 1]


[1, 1, 1]


[1, 1, 1]
[0, 1, 1, 1, 1]


[1, 1, 1, 1]
[0, 0, 1, 1, 1]
[0, 0, 0, 1, 1]
[0, 0, 0, 1, 1]


[1]
[1]
[1]


[1, 1, 1]
[0, 1, 1, 1]
[0, 1, 1, 1, 1]


[1, 1]


[1, 1]
[1, 1, 1, 1]
[0, 1, 1, 1, 1, 1, 1]


[1]
[1]
[1]


[1, 1]


[1]
[1]
[1]


[1, 1, 1]
[0, 1, 1, 1, 1, 1]


[1]
[1]


[1]


[1, 1]
[1, 1, 1]


[1]
[1]


[1, 1, 1, 1]
[0, 0, 1, 1, 1]
[0, 0, 1, 1, 1, 1]


[1, 1, 1]
[0, 1, 1, 1, 1, 1]


[1]
[1]
[1]
[1]


[1, 1, 1]
[0, 1, 1, 1]


[1]


[1, 1, 1]
[0, 1, 1, 1, 1]


[1]
[1]


[1]
[1]


[1]
[1]


[1, 1, 1, 1]
[0, 0, 1, 1, 1, 1]


[1, 1, 1]


[1, 1, 1]
[0, 1, 1, 1]
[0, 0, 1, 1]


[1, 1, 1]
[1, 1, 1, 1, 1]


[1, 1, 1, 1]
[0, 0, 1, 1, 1]


[1]
[1]


[1, 1]
[1, 1, 1]


[1, 1, 1]


[1, 1]
[1, 1, 1, 1, 1]
[0, 0, 0, 1, 1]


[1, 1]


[1, 1, 1]


[1, 1, 1]
[0, 1, 1, 1]


[1, 1, 1]
[0, 1, 1]


[1, 1]


[1, 1]
[1, 1, 1]


[1, 1, 1, 1]
[0, 0, 1, 1, 1]


[1, 1]


[1, 1]


[1, 1, 1]
[0, 1, 1, 1, 1]
[0, 0, 0, 1, 1]


[1, 1]
[1, 1, 1, 1]


[1, 1, 1]
[0, 1, 1, 1, 1]


[1, 1, 1]


[1, 1]


[1, 1, 1]
[0, 1, 1, 1, 1]


[1, 1]


[1, 1, 1]
[0, 1, 1, 1]


[1, 1, 1, 1]
[0, 0, 1, 1, 1, 1]


[1, 1, 1]
[0, 1, 1, 1]
[0, 0, 1, 1]


[1]
[1]
[1]


[1]
[1]
[1]
[1]
[1]
[1]


[1, 1]


[1, 1, 1, 1]
[0, 0, 1, 1, 1, 1, 1]
[0, 0, 0, 0, 0, 1, 1, 1, 1, 1]


[1, 1, 1]


[1, 1, 1]


[1, 1]


[1, 1]


[1, 1, 1]
[0, 1, 1, 1]


[1, 1, 1]
[0, 1, 1, 1]
[0, 0, 1, 1]


[1, 1]


[1, 1, 1]
[0, 1, 1]


[1, 1, 1]
[0, 1, 1, 1, 1]


[1]


[1, 1]


[1, 1]


[1, 1]


[1]
[1]


[1, 1]


[1, 1]
[1, 1, 1, 1]


[1, 1]


[1, 1, 1]
[0, 1, 1, 1, 1]


[1]
[1]


[1]
[1]


[1]


[1, 1]


[1, 1]


[1, 1, 1]
[0, 1, 1, 1, 1, 1]


[1, 1]


[1, 1]
[1, 1, 1, 1]


[1, 1, 1]


[1, 1, 1]


[1, 1, 1]
[0, 1, 1, 1, 1]


[1]


[1]
[1]


[1]


[1, 1, 1]


[1, 1, 1]


[1, 1]


[1, 1]


[1, 1, 1]


[1, 1, 1, 1]
[0, 0, 1, 1, 1]


[1, 1]
[1, 1, 1]


[1, 1]
[1, 1, 1, 1]


[1, 1]


[1, 1, 1]


[1, 1]


[1, 1, 1]
[0, 1, 1, 1, 1]


[1, 1]


[1, 1]


[1, 1, 1, 1]
[0, 0, 1, 1]


[1, 1]


[1, 1, 1, 1]


[1, 1]
[1, 1, 1]


[1, 1, 1]


[1, 1]


[1, 1]


[1, 1, 1]
[0, 1, 1, 1, 1, 1]


[1, 1, 1]
[0, 1, 1, 1, 1]


[1]
[1]


[1, 1, 1, 1]
[0, 0, 1, 1, 1]


[1, 1]


[1, 1]


[1, 1]


[1, 1, 1]


[1, 1, 1]


[1, 1, 1]
[0, 1, 1]


[1, 1]


[1, 1]


[1, 1]


[1, 1, 1, 1]


[1, 1]


[1, 1]


[1, 1]


[1, 1, 1, 1]


[1, 1, 1, 1]
[0, 0, 1, 1, 1]
[0, 0, 0, 1, 1]


[1, 1, 1]
[0, 1, 1, 1]


[1, 1]
[1, 1]


[1, 1, 1, 1]


[1, 1]


[1, 1]


[1, 1, 1]


[1, 1]


[1, 1, 1, 1]


[1, 1, 1]


[1, 1]


[1]


[1, 1]
[1, 1, 1, 1]


[1, 1, 1]


[1]


[1, 1, 1]


[1, 1]


[1, 1, 1]


[1, 1]


[1, 1]


[1, 1, 1, 1]


[1]


[1, 1]


[1, 1, 1]


[1, 1, 1]


[1, 1]


[1, 1]


[1, 1]


[1, 1]


[1, 1, 1]


[1, 1]


[1, 1, 1, 1]


[1]


[1, 1]


[1, 1, 1]


[1, 1, 1]


[1, 1]


[1, 1]


[1, 1, 1, 1]


[1, 1, 1]

******************BLOCKING COMPLETED
BLOCK ROWS: 242 of AVG. SIZE: 2.0661157024793386
TRUE NONZEROS: 1222 FAKE NONZEROS : 961, with AVG. in-block DENSITY: 0.559780119102153
PRINTING BLOCK DISTRIBUTION: size -- blocks with that size
1 --> 121
2 --> 82
3 --> 25
4 --> 7
5 --> 2
6 --> 1
7 --> 1
12 --> 1
14 --> 1
17 --> 1
