[1, 1, 1]
[1, 1, 1]


[1, 1, 1, 1, 1, 1, 1, 1]
[0, 0, 1, 1, 1, 1, 1, 1]
[0, 0, 1, 1, 1, 1, 1, 1]
[0, 0, 1, 1, 1, 1, 1, 1]
[0, 1, 1, 1, 1, 1, 1, 1]
[0, 0, 1, 1, 1, 1, 1, 1]
[0, 0, 1, 1, 1, 1, 1, 1]
[0, 0, 1, 1, 1, 1, 1, 1]
[0, 0, 1, 1, 1, 1, 1, 1]
[0, 0, 1, 1, 1, 1, 1, 1]
[0, 0, 1, 1, 1, 1, 1, 1]
[0, 0, 1, 1, 1, 1, 1, 1]
[0, 0, 1, 1, 1, 1, 1, 1]
[0, 0, 1, 1, 1, 1, 1, 1]
[0, 0, 1, 1, 1, 1, 1, 1]
[0, 0, 1, 1, 1, 1, 1, 1]


[1]
[1]
[1]
[1]


[1, 1, 1, 1]
[1, 1, 1, 1, 1]
[0, 1, 1, 1, 1]
[1, 1, 1, 1, 1]


[1]
[1]
[1]


[1, 1, 1, 1, 1]
[1, 1, 1, 1, 1, 1]
[0, 1, 1, 1, 1, 1]
[0, 1, 1, 1, 1, 1]


[1, 1, 1, 1]
[1, 1, 1, 1, 1]
[0, 1, 1, 1, 1]
[0, 1, 1, 1, 1]
[0, 1, 1, 1, 1]
[0, 1, 1, 1, 1]
[0, 1, 1, 1, 1]
[0, 1, 1, 1, 1]
[0, 1, 1, 1, 1]
[0, 1, 1, 1, 1]
[0, 1, 1, 1, 1]
[0, 1, 1, 1, 1]


[1, 1, 1]
[1, 1, 1, 1]
[0, 1, 1, 1]
[0, 1, 1, 1]
[0, 1, 1, 1]
[0, 1, 1, 1]
[0, 1, 1, 1]
[0, 1, 1, 1]
[0, 1, 1, 1]
[0, 1, 1, 1]


[1, 1, 1, 1]
[1, 1, 1, 1, 1]
[0, 1, 1, 1, 1]
[0, 1, 1, 1, 1]
[0, 1, 1, 1, 1]
[0, 1, 1, 1, 1]


[1, 1, 1, 1, 1]
[0, 1, 1, 1, 1]
[0, 1, 1, 1, 1]
[0, 1, 1, 1, 1]
[0, 1, 1, 1, 1]
[0, 1, 1, 1, 1]
[0, 1, 1, 1, 1]
[0, 1, 1, 1, 1]
[0, 1, 1, 1, 1]
[0, 1, 1, 1, 1]


[1, 1, 1, 1]
[1, 1, 1, 1, 1]
[0, 1, 1, 1, 1]
[0, 1, 1, 1, 1]
[0, 1, 1, 1, 1]
[0, 1, 1, 1, 1]
[0, 1, 1, 1, 1]


[1, 1, 1, 1]
[0, 1, 1, 1]
[0, 1, 1, 1]
[0, 1, 1, 1]
[0, 1, 1, 1]
[0, 1, 1, 1]
[1, 1, 1, 1]


[1, 1, 1, 1]
[0, 1, 1, 1]
[0, 1, 1, 1]
[0, 1, 1, 1]


[1, 1, 1, 1, 1]
[1, 1, 1, 1, 1, 1]
[0, 1, 1, 1, 1, 1]
[0, 1, 1, 1, 1, 1]
[0, 1, 1, 1, 1, 1]
[0, 1, 1, 1, 1, 1]


[1, 1, 1, 1, 1]
[1, 1, 1, 1, 1, 1]
[0, 1, 1, 1, 1, 1]
[0, 1, 1, 1, 1, 1]
[0, 1, 1, 1, 1, 1]


[1, 1, 1, 1]
[0, 1, 1, 1]
[0, 1, 1, 1]


[1, 1, 1]
[1, 1, 1, 1]
[0, 1, 1, 1]
[1, 1, 1, 1]
[0, 1, 1, 1]
[0, 1, 1, 1]
[0, 1, 1, 1]
[1, 1, 1, 1]


[1, 1, 1]
[1, 1, 1, 1]
[0, 1, 1, 1]
[0, 1, 1, 1]


[1, 1]
[1, 1]
[1, 1]


[1, 1, 1]
[1, 1, 1, 1]
[0, 1, 1, 1]
[0, 1, 1, 1]
[0, 1, 1, 1]
[0, 1, 1, 1]
[0, 1, 1, 1]
[0, 1, 1, 1]
[0, 1, 1, 1]


[1, 1]


[1, 1, 1, 1]
[0, 1, 1, 1]
[1, 1, 1, 1]
[0, 1, 1, 1]
[0, 1, 1, 1]
[0, 1, 1, 1]
[0, 1, 1, 1]


[1, 1]
[1, 1]
[1, 1]


[1, 1, 1, 1]
[0, 1, 1, 1]
[0, 1, 1, 1]
[0, 1, 1, 1]
[0, 1, 1, 1]
[0, 1, 1, 1]
[0, 1, 1, 1]


[1, 1]
[1, 1]
[1, 1]
[1, 1]
[1, 1]
[1, 1]
[1, 1]


[1, 1, 1, 1]
[1, 1, 1, 1]


[1, 1, 1]
[1, 1, 1, 1]
[0, 1, 1, 1]
[1, 1, 1, 1]
[0, 1, 1, 1]
[0, 1, 1, 1]
[0, 1, 1, 1]
[0, 1, 1, 1]
[0, 1, 1, 1]


[1]
[1]
[1]
[1]
[1]


[1, 1, 1, 1]
[0, 1, 1, 1]
[0, 1, 1, 1]
[0, 1, 1, 1]
[0, 1, 1, 1]
[0, 1, 1, 1]
[0, 1, 1, 1]
[0, 1, 1, 1]


[]
[]
[]
[]
[]
[]


[1, 1, 1, 1]
[0, 1, 1, 1]
[0, 1, 1, 1]
[0, 1, 1, 1]
[0, 1, 1, 1]
[0, 1, 1, 1]
[0, 1, 1, 1]


[1, 1, 1, 1, 1, 1]
[1, 1, 1, 1, 1, 1, 1, 1]
[0, 0, 1, 1, 1, 1, 1, 1]
[0, 0, 1, 1, 1, 1, 1, 1]
[0, 0, 1, 1, 1, 1, 1, 1]
[0, 0, 1, 1, 1, 1, 1, 1]
[0, 0, 1, 1, 1, 1, 1, 1]
[0, 0, 1, 1, 1, 1, 1, 1]
[0, 0, 1, 1, 1, 1, 1, 1]
[0, 0, 1, 1, 1, 1, 1, 1]
[0, 1, 1, 1, 1, 1, 1, 1]
[0, 0, 1, 1, 1, 1, 1, 1]
[0, 0, 1, 1, 1, 1, 1, 1]
[0, 0, 1, 1, 1, 1, 1, 1]
[0, 0, 1, 1, 1, 1, 1, 1]
[0, 0, 1, 1, 1, 1, 1, 1]
[0, 0, 1, 1, 1, 1, 1, 1]
[0, 0, 1, 1, 1, 1, 1, 1]
[0, 1, 1, 1, 1, 1, 1, 1]
[0, 0, 1, 1, 1, 1, 1, 1]


[1, 1, 1, 1, 1]
[1, 1, 1, 1, 1, 1]
[0, 1, 1, 1, 1, 1]
[0, 1, 1, 1, 1, 1]
[0, 1, 1, 1, 1, 1]
[0, 1, 1, 1, 1, 1]
[0, 1, 1, 1, 1, 1]
[0, 1, 1, 1, 1, 1]


[1, 1, 1]
[1, 1, 1]


[1, 1, 1, 1, 1, 1, 1]
[0, 1, 1, 1, 1, 1, 1, 1]
[0, 0, 1, 1, 1, 1, 1, 1]
[0, 0, 1, 1, 1, 1, 1, 1]
[0, 0, 1, 1, 1, 1, 1, 1]
[0, 1, 1, 1, 1, 1, 1, 1]
[0, 0, 1, 1, 1, 1, 1, 1]
[0, 0, 1, 1, 1, 1, 1, 1]
[0, 0, 1, 1, 1, 1, 1, 1]


[1, 1]
[1, 1]
[1, 1]
[1, 1]
[1, 1]
[1, 1]
[1, 1]


[1]
[1]
[1]
[1]
[1]
[1]
[1]


[1, 1, 1]
[1, 1, 1, 1]
[0, 1, 1, 1]
[1, 1, 1, 1]
[0, 1, 1, 1]
[0, 1, 1, 1]


[1, 1, 1]
[1, 1, 1, 1]
[0, 1, 1, 1]
[0, 1, 1, 1]
[0, 1, 1, 1]
[0, 1, 1, 1]
[0, 1, 1, 1]
[0, 1, 1, 1]
[0, 1, 1, 1]
[0, 1, 1, 1]
[0, 1, 1, 1]
[0, 1, 1, 1]
[0, 1, 1, 1]
[0, 1, 1, 1]


[1, 1, 1, 1, 1, 1, 1]
[0, 0, 1, 1, 1, 1, 1]
[1, 1, 1, 1, 1, 1, 1, 1]
[0, 0, 1, 1, 1, 1, 1, 1]
[0, 0, 1, 1, 1, 1, 1, 1]
[0, 0, 1, 1, 1, 1, 1, 1]
[0, 0, 1, 1, 1, 1, 1, 1]
[0, 0, 1, 1, 1, 1, 1, 1]
[0, 1, 1, 1, 1, 1, 1, 1]
[0, 0, 1, 1, 1, 1, 1, 1]
[0, 1, 1, 1, 1, 1, 1, 1]
[0, 0, 1, 1, 1, 1, 1, 1]
[0, 0, 1, 1, 1, 1, 1, 1]
[0, 0, 1, 1, 1, 1, 1, 1]
[0, 0, 1, 1, 1, 1, 1, 1]
[0, 0, 1, 1, 1, 1, 1, 1]
[0, 0, 1, 1, 1, 1, 1, 1]


[1, 1, 1, 1]
[0, 1, 1, 1]
[0, 1, 1, 1]
[0, 1, 1, 1]
[0, 1, 1, 1]
[0, 1, 1, 1]
[0, 1, 1, 1]
[0, 1, 1, 1]
[0, 1, 1, 1]
[1, 1, 1, 1]
[0, 1, 1, 1]
[0, 1, 1, 1]


[1, 1]
[1, 1]
[1, 1]


[1, 1, 1]
[1, 1, 1, 1]
[1, 1, 1, 1]
[0, 1, 1, 1]
[0, 1, 1, 1]
[0, 1, 1, 1]
[0, 1, 1, 1]
[0, 1, 1, 1]
[0, 1, 1, 1]
[0, 1, 1, 1]
[0, 1, 1, 1]


[1, 1, 1]
[1, 1, 1, 1]
[0, 1, 1, 1]
[0, 1, 1, 1]
[0, 1, 1, 1]
[0, 1, 1, 1]
[1, 1, 1, 1]
[0, 1, 1, 1]
[0, 1, 1, 1]
[0, 1, 1, 1]
[0, 1, 1, 1]
[0, 1, 1, 1]
[0, 1, 1, 1]


[1, 1]
[1, 1]
[1, 1]
[1, 1]
[1, 1]


[1, 1, 1]
[1, 1, 1, 1]
[0, 1, 1, 1]
[0, 1, 1, 1]
[0, 1, 1, 1]
[0, 1, 1, 1]


[1]
[1]
[1]
[1]


[1, 1, 1]
[1, 1, 1, 1]
[0, 1, 1, 1]
[1, 1, 1, 1]
[0, 1, 1, 1]
[0, 1, 1, 1]
[0, 1, 1, 1]


[1, 1, 1, 1]
[0, 1, 1, 1]
[1, 1, 1, 1]
[0, 1, 1, 1]
[0, 1, 1, 1]
[0, 1, 1, 1]


[1, 1]
[1, 1]
[1, 1]
[1, 1]
[1, 1]


[1, 1]
[1, 1]
[1, 1]


[1, 1, 1, 1, 1]
[1, 1, 1, 1, 1, 1]
[0, 1, 1, 1, 1, 1]
[0, 1, 1, 1, 1, 1]
[0, 1, 1, 1, 1, 1]


[1, 1]
[1, 1]
[1, 1]
[1, 1]


[1, 1, 1, 1, 1]
[0, 1, 1, 1, 1]
[0, 1, 1, 1, 1]
[0, 1, 1, 1, 1]
[0, 1, 1, 1, 1]
[0, 1, 1, 1, 1]
[0, 1, 1, 1, 1]
[0, 1, 1, 1, 1]
[0, 1, 1, 1, 1]
[0, 1, 1, 1, 1]
[0, 1, 1, 1, 1]


[1, 1, 1, 1]
[1, 1, 1, 1]
[0, 1, 1, 1]
[1, 1, 1, 1]
[0, 1, 1, 1]
[1, 1, 1, 1]
[0, 1, 1, 1]
[0, 1, 1, 1]
[0, 1, 1, 1]
[0, 1, 1, 1]
[1, 1, 1, 1]


[1, 1, 1]
[1, 1, 1, 1]
[1, 1, 1, 1]
[0, 1, 1, 1]
[1, 1, 1, 1]
[1, 1, 1, 1]
[0, 1, 1, 1]
[0, 1, 1, 1]
[0, 1, 1, 1]


[1, 1, 1]
[1, 1, 1, 1]
[1, 1, 1, 1]


[1, 1, 1, 1, 1]
[0, 1, 1, 1, 1]
[0, 1, 1, 1, 1]
[0, 1, 1, 1, 1]
[0, 1, 1, 1, 1]
[0, 1, 1, 1, 1]
[0, 1, 1, 1, 1]
[0, 1, 1, 1, 1]
[0, 1, 1, 1, 1]
[0, 1, 1, 1, 1]
[0, 1, 1, 1, 1]
[0, 1, 1, 1, 1]
[0, 1, 1, 1, 1]


[1, 1, 1, 1, 1, 1]
[0, 1, 1, 1, 1, 1, 1]
[0, 1, 1, 1, 1, 1, 1]
[0, 1, 1, 1, 1, 1, 1]
[0, 0, 1, 1, 1, 1, 1]
[0, 0, 1, 1, 1, 1, 1]
[0, 1, 1, 1, 1, 1, 1]
[0, 0, 1, 1, 1, 1, 1]
[0, 0, 1, 1, 1, 1, 1]
[0, 0, 1, 1, 1, 1, 1]
[0, 0, 1, 1, 1, 1, 1]
[0, 0, 1, 1, 1, 1, 1]
[0, 0, 1, 1, 1, 1, 1]
[0, 0, 1, 1, 1, 1, 1]
[0, 0, 1, 1, 1, 1, 1]
[0, 1, 1, 1, 1, 1, 1]


[1, 1, 1, 1, 1]
[1, 1, 1, 1, 1, 1, 1]
[0, 0, 1, 1, 1, 1, 1]
[0, 0, 1, 1, 1, 1, 1]
[0, 0, 1, 1, 1, 1, 1]
[0, 0, 1, 1, 1, 1, 1]
[0, 0, 1, 1, 1, 1, 1]
[0, 1, 1, 1, 1, 1, 1]


[1, 1, 1, 1, 1, 1, 1]
[1, 1, 1, 1, 1, 1, 1]
[0, 0, 1, 1, 1, 1, 1]
[0, 0, 1, 1, 1, 1, 1]
[0, 0, 1, 1, 1, 1, 1]
[0, 0, 1, 1, 1, 1, 1]
[0, 0, 1, 1, 1, 1, 1]
[0, 0, 1, 1, 1, 1, 1]
[0, 0, 1, 1, 1, 1, 1]
[0, 0, 1, 1, 1, 1, 1]
[0, 0, 1, 1, 1, 1, 1]
[0, 0, 1, 1, 1, 1, 1]


[1, 1, 1]
[1, 1, 1, 1]
[0, 1, 1, 1]
[0, 1, 1, 1]
[0, 1, 1, 1]
[0, 1, 1, 1]


[1, 1, 1]
[1, 1, 1, 1]


[1, 1]
[1, 1]
[1, 1]


[1, 1, 1, 1, 1]
[1, 1, 1, 1, 1]
[0, 1, 1, 1, 1]
[0, 1, 1, 1, 1]
[0, 1, 1, 1, 1]
[0, 1, 1, 1, 1]
[0, 1, 1, 1, 1]


[1, 1]
[1, 1]
[1, 1]
[1, 1]


[1, 1, 1, 1, 1]
[0, 1, 1, 1, 1]
[0, 1, 1, 1, 1]
[0, 1, 1, 1, 1]
[1, 1, 1, 1, 1]


[1, 1]
[1, 1]


[1, 1, 1, 1, 1]
[1, 1, 1, 1, 1, 1]
[0, 1, 1, 1, 1, 1]
[0, 1, 1, 1, 1, 1]
[0, 1, 1, 1, 1, 1]
[0, 1, 1, 1, 1, 1]
[0, 1, 1, 1, 1, 1]


[1, 1]
[1, 1]
[1, 1]
[1, 1]


[1, 1, 1, 1, 1]
[0, 1, 1, 1, 1]
[0, 1, 1, 1, 1]
[0, 1, 1, 1, 1]
[0, 1, 1, 1, 1]
[0, 1, 1, 1, 1]
[0, 1, 1, 1, 1]
[0, 1, 1, 1, 1]
[0, 1, 1, 1, 1]
[0, 1, 1, 1, 1]


[1, 1, 1, 1, 1, 1]
[0, 1, 1, 1, 1, 1]
[1, 1, 1, 1, 1, 1, 1]
[0, 0, 1, 1, 1, 1, 1]
[0, 0, 1, 1, 1, 1, 1]
[0, 1, 1, 1, 1, 1, 1]
[0, 1, 1, 1, 1, 1, 1]
[0, 1, 1, 1, 1, 1, 1]
[0, 0, 1, 1, 1, 1, 1]
[0, 1, 1, 1, 1, 1, 1]


[1, 1, 1, 1, 1, 1]
[1, 1, 1, 1, 1, 1, 1]
[0, 0, 1, 1, 1, 1, 1]
[0, 1, 1, 1, 1, 1, 1]
[0, 0, 1, 1, 1, 1, 1]
[0, 0, 1, 1, 1, 1, 1]
[0, 1, 1, 1, 1, 1, 1]
[0, 0, 1, 1, 1, 1, 1]
[0, 0, 1, 1, 1, 1, 1]
[0, 0, 1, 1, 1, 1, 1]
[0, 0, 1, 1, 1, 1, 1]
[0, 0, 1, 1, 1, 1, 1]


[1, 1]
[1, 1]
[1, 1]
[1, 1]
[1, 1]
[1, 1]
[1, 1]
[1, 1]


[1, 1]
[1, 1]
[1, 1]
[1, 1]
[1, 1]
[1, 1]
[1, 1]


[1, 1, 1, 1]
[1, 1, 1, 1, 1]
[0, 1, 1, 1, 1]
[0, 1, 1, 1, 1]
[0, 1, 1, 1, 1]
[0, 1, 1, 1, 1]
[0, 1, 1, 1, 1]
[0, 1, 1, 1, 1]


[1, 1, 1, 1, 1]
[1, 1, 1, 1, 1, 1, 1]
[1, 1, 1, 1, 1, 1, 1]
[0, 0, 1, 1, 1, 1, 1]
[0, 1, 1, 1, 1, 1, 1]
[0, 1, 1, 1, 1, 1, 1]
[0, 1, 1, 1, 1, 1, 1]
[0, 0, 1, 1, 1, 1, 1]
[0, 1, 1, 1, 1, 1, 1]
[0, 0, 1, 1, 1, 1, 1]
[0, 1, 1, 1, 1, 1, 1]
[0, 0, 1, 1, 1, 1, 1]


[1, 1, 1]
[1, 1, 1, 1]
[0, 1, 1, 1]
[0, 1, 1, 1]
[1, 1, 1, 1]
[0, 1, 1, 1]
[0, 1, 1, 1]


[1, 1]
[1, 1]


[1, 1, 1, 1]
[1, 1, 1, 1, 1]
[0, 1, 1, 1, 1]


[1, 1, 1, 1]
[1, 1, 1, 1, 1]


[1, 1, 1, 1, 1]
[0, 1, 1, 1, 1]
[0, 1, 1, 1, 1]
[0, 1, 1, 1, 1]
[0, 1, 1, 1, 1]


[1, 1, 1, 1, 1]
[1, 1, 1, 1, 1]
[0, 1, 1, 1, 1]
[1, 1, 1, 1, 1]
[1, 1, 1, 1, 1]
[1, 1, 1, 1, 1]


[1, 1, 1, 1]
[1, 1, 1, 1]
[0, 1, 1, 1]
[0, 1, 1, 1]
[0, 1, 1, 1]
[0, 1, 1, 1]
[1, 1, 1, 1]
[0, 1, 1, 1]


[1, 1, 1, 1, 1]
[1, 1, 1, 1, 1]
[0, 1, 1, 1, 1]
[1, 1, 1, 1, 1]


[1, 1, 1]
[1, 1, 1]
[1, 1, 1]
[1, 1, 1]
[1, 1, 1]


[1, 1, 1, 1]
[0, 1, 1, 1]
[0, 1, 1, 1]
[1, 1, 1, 1]
[0, 1, 1, 1]
[0, 1, 1, 1]
[1, 1, 1, 1]


[1, 1, 1, 1, 1, 1]
[0, 1, 1, 1, 1, 1, 1]
[0, 0, 1, 1, 1, 1, 1]
[0, 0, 1, 1, 1, 1, 1]
[0, 0, 1, 1, 1, 1, 1]
[0, 0, 1, 1, 1, 1, 1]
[0, 0, 1, 1, 1, 1, 1]
[0, 0, 1, 1, 1, 1, 1]
[0, 0, 1, 1, 1, 1, 1]


[1, 1, 1]
[1, 1, 1, 1]
[1, 1, 1, 1]
[1, 1, 1, 1]
[0, 1, 1, 1]
[1, 1, 1, 1]


[1, 1, 1, 1, 1]
[1, 1, 1, 1, 1, 1]


[1, 1, 1, 1]
[1, 1, 1, 1, 1]
[0, 1, 1, 1, 1]
[0, 1, 1, 1, 1]
[1, 1, 1, 1, 1]
[0, 1, 1, 1, 1]
[0, 1, 1, 1, 1]
[0, 1, 1, 1, 1]


[1, 1]
[1, 1]
[1, 1]


[1]
[1]
[1]


[1, 1, 1]
[1, 1, 1, 1]
[1, 1, 1, 1]
[0, 1, 1, 1]


[1, 1, 1, 1]
[0, 1, 1, 1]
[0, 1, 1, 1]
[1, 1, 1, 1]


[1, 1, 1, 1]
[1, 1, 1, 1]


[1, 1, 1, 1]
[0, 1, 1, 1]
[0, 1, 1, 1]
[1, 1, 1, 1]
[0, 1, 1, 1]


[1, 1]
[1, 1]
[1, 1]
[1, 1]


[1, 1, 1, 1, 1, 1]
[1, 1, 1, 1, 1, 1, 1]
[0, 0, 1, 1, 1, 1, 1]
[0, 1, 1, 1, 1, 1, 1]
[0, 1, 1, 1, 1, 1, 1]
[0, 0, 1, 1, 1, 1, 1]
[0, 0, 1, 1, 1, 1, 1]
[0, 1, 1, 1, 1, 1, 1]


[1, 1, 1]
[1, 1, 1, 1]
[0, 1, 1, 1]
[0, 1, 1, 1]
[0, 1, 1, 1]


[1, 1, 1, 1]
[1, 1, 1, 1]
[0, 1, 1, 1]


[1, 1, 1]
[1, 1, 1, 1]
[1, 1, 1, 1]
[1, 1, 1, 1]
[0, 1, 1, 1]
[0, 1, 1, 1]


[1, 1, 1, 1]
[1, 1, 1, 1]
[0, 1, 1, 1]
[1, 1, 1, 1]
[1, 1, 1, 1]
[0, 1, 1, 1]
[0, 1, 1, 1]
[0, 1, 1, 1]
[0, 1, 1, 1]


[1, 1]


[1, 1, 1]
[1, 1, 1, 1]


[1, 1, 1, 1, 1]
[0, 1, 1, 1, 1]
[1, 1, 1, 1, 1]
[0, 1, 1, 1, 1]


[1, 1, 1, 1, 1]
[1, 1, 1, 1, 1, 1]
[0, 1, 1, 1, 1, 1]
[1, 1, 1, 1, 1, 1]


[1, 1]
[1, 1]
[1, 1]


[1, 1, 1, 1, 1]
[1, 1, 1, 1, 1, 1, 1]
[0, 1, 1, 1, 1, 1, 1]
[0, 0, 1, 1, 1, 1, 1]
[0, 0, 1, 1, 1, 1, 1]
[0, 0, 1, 1, 1, 1, 1]
[0, 0, 1, 1, 1, 1, 1]
[0, 0, 1, 1, 1, 1, 1]
[0, 0, 1, 1, 1, 1, 1]
[0, 0, 1, 1, 1, 1, 1]
[0, 0, 1, 1, 1, 1, 1]
[0, 0, 1, 1, 1, 1, 1]
[0, 0, 1, 1, 1, 1, 1]
[1, 1, 1, 1, 1, 1, 1]
[0, 0, 1, 1, 1, 1, 1]
[0, 0, 1, 1, 1, 1, 1]


[1, 1, 1, 1]
[1, 1, 1, 1, 1]
[0, 1, 1, 1, 1]
[0, 1, 1, 1, 1]


[1, 1]
[1, 1]
[1, 1]
[1, 1]


[1, 1, 1, 1]
[1, 1, 1, 1]


[1, 1, 1, 1]
[1, 1, 1, 1, 1]


[1, 1, 1, 1]
[1, 1, 1, 1]
[0, 1, 1, 1]


[1, 1]
[1, 1]
[1, 1]
[1, 1]
[1, 1]
[1, 1]


[1, 1, 1]
[1, 1, 1]
[1, 1, 1]


[1, 1, 1]
[1, 1, 1, 1]
[0, 1, 1, 1]


[1, 1, 1, 1]
[1, 1, 1, 1, 1]
[0, 1, 1, 1, 1]
[0, 1, 1, 1, 1]


[1, 1, 1]
[1, 1, 1, 1]
[0, 1, 1, 1]


[1, 1, 1, 1, 1, 1]
[0, 1, 1, 1, 1, 1, 1]
[0, 0, 1, 1, 1, 1, 1]
[0, 0, 1, 1, 1, 1, 1]
[0, 0, 1, 1, 1, 1, 1]
[0, 0, 1, 1, 1, 1, 1]
[0, 0, 1, 1, 1, 1, 1]


[1, 1, 1, 1]
[1, 1, 1, 1, 1]
[0, 1, 1, 1, 1]
[0, 1, 1, 1, 1]
[0, 1, 1, 1, 1]


[1, 1, 1, 1]
[0, 1, 1, 1]
[1, 1, 1, 1]


[1, 1, 1, 1]
[0, 1, 1, 1]
[0, 1, 1, 1]
[0, 1, 1, 1]
[0, 1, 1, 1]
[1, 1, 1, 1]


[1, 1, 1, 1]


[1, 1, 1]
[1, 1, 1, 1]
[0, 1, 1, 1]


[1, 1, 1]
[1, 1, 1, 1]
[0, 1, 1, 1]
[0, 1, 1, 1]


[1, 1]
[1, 1]
[1, 1]
[1, 1]


[1, 1, 1]
[1, 1, 1]


[1, 1, 1, 1, 1, 1, 1, 1]
[0, 0, 1, 1, 1, 1, 1, 1]
[0, 1, 1, 1, 1, 1, 1, 1]
[0, 0, 1, 1, 1, 1, 1, 1]
[0, 0, 1, 1, 1, 1, 1, 1]
[0, 0, 1, 1, 1, 1, 1, 1]
[0, 1, 1, 1, 1, 1, 1, 1]


[1]
[1]


[1, 1]
[1, 1]


[1, 1, 1]
[1, 1, 1, 1]
[0, 1, 1, 1]
[1, 1, 1, 1]
[1, 1, 1, 1]
[0, 1, 1, 1]


[1, 1]
[1, 1]
[1, 1]


[1, 1, 1, 1, 1]
[1, 1, 1, 1, 1]
[0, 1, 1, 1, 1]


[1, 1, 1, 1, 1, 1, 1]
[0, 0, 1, 1, 1, 1, 1]


[1, 1, 1, 1, 1, 1]
[0, 1, 1, 1, 1, 1, 1]
[0, 1, 1, 1, 1, 1, 1]
[0, 0, 1, 1, 1, 1, 1]
[0, 0, 1, 1, 1, 1, 1]
[0, 0, 1, 1, 1, 1, 1]
[0, 0, 1, 1, 1, 1, 1]
[0, 0, 1, 1, 1, 1, 1]
[0, 0, 1, 1, 1, 1, 1]


[1, 1, 1, 1, 1]
[0, 1, 1, 1, 1]
[0, 1, 1, 1, 1]
[0, 1, 1, 1, 1]
[0, 1, 1, 1, 1]
[0, 1, 1, 1, 1]
[0, 1, 1, 1, 1]


[1, 1]
[1, 1]


[1, 1, 1, 1]
[1, 1, 1, 1, 1]
[0, 1, 1, 1, 1]
[0, 1, 1, 1, 1]
[1, 1, 1, 1, 1]
[0, 1, 1, 1, 1]


[1, 1, 1, 1, 1]
[1, 1, 1, 1, 1, 1, 1]
[0, 1, 1, 1, 1, 1, 1]
[0, 0, 1, 1, 1, 1, 1]
[0, 0, 1, 1, 1, 1, 1]


[1, 1, 1, 1, 1]
[1, 1, 1, 1, 1, 1, 1]
[1, 1, 1, 1, 1, 1, 1, 1]
[0, 0, 1, 1, 1, 1, 1, 1]
[0, 0, 1, 1, 1, 1, 1, 1]
[0, 0, 1, 1, 1, 1, 1, 1]


[1, 1, 1, 1, 1]
[1, 1, 1, 1, 1, 1, 1]
[0, 0, 1, 1, 1, 1, 1]


[1, 1, 1, 1]
[1, 1, 1, 1, 1]
[0, 1, 1, 1, 1]
[1, 1, 1, 1, 1]


[1, 1]
[1, 1]
[1, 1]
[1, 1]
[1, 1]


[1]
[1]
[1]


[1, 1, 1, 1, 1]


[1, 1, 1, 1, 1]


[1, 1, 1, 1, 1]


[1, 1]
[1, 1]


[1, 1]


[1, 1, 1, 1]
[1, 1, 1, 1]


[1, 1]
[1, 1]


[1, 1]
[1, 1]


[1, 1, 1, 1]


[1, 1, 1, 1, 1, 1, 1]
[1, 1, 1, 1, 1, 1, 1, 1]
[1, 1, 1, 1, 1, 1, 1, 1, 1]
[0, 0, 1, 1, 1, 1, 1, 1, 1]
[0, 0, 1, 1, 1, 1, 1, 1, 1]
[0, 1, 1, 1, 1, 1, 1, 1, 1]
[0, 0, 1, 1, 1, 1, 1, 1, 1]


[1, 1, 1, 1]
[1, 1, 1, 1]


[1, 1, 1, 1, 1]
[0, 1, 1, 1, 1]


[1, 1, 1, 1]
[1, 1, 1, 1, 1]


[1, 1]
[1, 1]


[1, 1, 1, 1]
[1, 1, 1, 1, 1]
[0, 1, 1, 1, 1]


[1, 1]


[1, 1, 1, 1]
[1, 1, 1, 1]


[1, 1, 1, 1]


[1, 1, 1]
[1, 1, 1, 1]


[1, 1]
[1, 1]


[1, 1]
[1, 1]
[1, 1]


[1, 1, 1, 1]
[1, 1, 1, 1]
[0, 1, 1, 1]


[1, 1, 1, 1]
[1, 1, 1, 1, 1]
[0, 1, 1, 1, 1]
[0, 1, 1, 1, 1]


[1, 1, 1, 1, 1, 1, 1]
[0, 1, 1, 1, 1, 1, 1, 1]
[0, 1, 1, 1, 1, 1, 1, 1]
[0, 0, 1, 1, 1, 1, 1, 1]
[0, 0, 1, 1, 1, 1, 1, 1]
[0, 1, 1, 1, 1, 1, 1, 1]
[0, 1, 1, 1, 1, 1, 1, 1]


[1, 1, 1, 1]


[1, 1, 1, 1, 1]
[1, 1, 1, 1, 1, 1]


[1, 1, 1, 1, 1, 1, 1]
[0, 1, 1, 1, 1, 1, 1, 1]
[0, 0, 1, 1, 1, 1, 1, 1]


[1, 1, 1, 1]
[1, 1, 1, 1]
[1, 1, 1, 1]


[1, 1, 1, 1, 1, 1]
[0, 1, 1, 1, 1, 1, 1]
[0, 0, 1, 1, 1, 1, 1]
[0, 0, 1, 1, 1, 1, 1]


[1]
[1]
[1]
[1]


[1, 1, 1, 1]
[1, 1, 1, 1]


[1, 1, 1, 1]
[1, 1, 1, 1, 1]


[1, 1, 1, 1]
[1, 1, 1, 1]


[1, 1, 1, 1, 1, 1]
[1, 1, 1, 1, 1, 1, 1]
[0, 0, 1, 1, 1, 1, 1]
[0, 0, 1, 1, 1, 1, 1]
[0, 1, 1, 1, 1, 1, 1]
[0, 0, 1, 1, 1, 1, 1]


[1, 1, 1, 1, 1]
[0, 1, 1, 1, 1]
[0, 1, 1, 1, 1]


[1, 1, 1, 1]


[1, 1, 1]
[1, 1, 1]
[1, 1, 1]


[1, 1, 1, 1, 1, 1]
[1, 1, 1, 1, 1, 1, 1, 1]


[1, 1]
[1, 1]


[1, 1, 1, 1, 1, 1]


[1, 1, 1, 1]


[1, 1, 1, 1, 1, 1, 1]


[1, 1, 1, 1]
[1, 1, 1, 1, 1]


[1, 1, 1, 1]


[1, 1, 1, 1]
[1, 1, 1, 1]


[1]
[1]
[1]


[1, 1]
[1, 1]


[1, 1, 1, 1]


[1, 1, 1, 1]
[1, 1, 1, 1, 1]


[1, 1, 1, 1, 1, 1, 1, 1]


[1, 1, 1, 1]
[1, 1, 1, 1]


[1, 1, 1, 1]


[1, 1, 1, 1]


[1, 1]
[1, 1]


[1, 1, 1, 1]
[0, 1, 1, 1]
[1, 1, 1, 1]


[1, 1]


[1, 1, 1]
[1, 1, 1, 1]


[1, 1, 1, 1, 1]


[1, 1, 1, 1]


[1, 1, 1, 1]


[1, 1, 1, 1]
[1, 1, 1, 1, 1]
[1, 1, 1, 1, 1]


[1, 1, 1, 1, 1]


[1, 1, 1, 1]


[1, 1, 1, 1, 1, 1]


[1, 1, 1, 1]
[1, 1, 1, 1]


[1, 1, 1, 1]


[1, 1, 1, 1, 1]


[1, 1, 1, 1]


[1, 1, 1, 1]


[1, 1]


[1, 1, 1, 1, 1]


[1, 1, 1, 1]

******************BLOCKING COMPLETED
BLOCKS: 216 of AVG. SIZE: 4.62962962962963
TRUE NONZEROS: 3932 FAKE NONZEROS : 1550, with AVG. in-block DENSITY: 0.7172564757387815
PRINTING BLOCK DISTRIBUTION: size -- blocks with that size
2 --> 34
3 --> 42
4 --> 33
5 --> 24
6 --> 13
7 --> 15
8 --> 19
9 --> 9
10 --> 7
11 --> 4
12 --> 3
13 --> 5
14 --> 2
15 --> 1
17 --> 3
18 --> 1
21 --> 1
