[1, 1, 1, 1, 1, 1, 1]
[0, 0, 1, 1, 1, 1, 1]
[0, 0, 1, 1, 1, 1, 1]
[0, 1, 1, 1, 1, 1, 1]


[1, 1, 1, 1, 1]


[1, 1, 1, 1]


[1, 1, 1, 1, 1]


[1]
[1]


[1, 1, 1, 1]
[0, 1, 1, 1]
[0, 1, 1, 1]
[0, 1, 1, 1]


[1, 1, 1]


[1, 1, 1, 1, 1]


[1, 1, 1, 1, 1]


[1, 1, 1]


[1, 1, 1, 1, 1]
[0, 1, 1, 1, 1]


[1, 1, 1, 1, 1, 1, 1]


[1, 1, 1, 1, 1, 1]
[0, 1, 1, 1, 1, 1]
[0, 1, 1, 1, 1, 1]
[0, 1, 1, 1, 1, 1]


[1, 1, 1, 1, 1]
[0, 1, 1, 1, 1]


[1, 1, 1]
[1, 1, 1]


[1, 1, 1, 1, 1, 1]
[0, 1, 1, 1, 1, 1, 1]
[0, 0, 1, 1, 1, 1, 1]
[0, 0, 1, 1, 1, 1, 1]


[1, 1, 1, 1, 1]


[1, 1, 1, 1, 1]


[1, 1]
[1, 1]
[1, 1]


[1, 1, 1, 1, 1]


[1, 1, 1, 1, 1]
[0, 1, 1, 1, 1]
[0, 1, 1, 1, 1]


[1, 1, 1]


[1, 1, 1, 1]
[0, 1, 1, 1]


[1, 1]


[1, 1, 1]
[1, 1, 1]


[1, 1, 1]


[1, 1, 1, 1]


[1, 1]
[1, 1]


[1, 1, 1, 1, 1, 1]


[1, 1, 1, 1, 1]


[1, 1]


[1, 1, 1]
[1, 1, 1]


[1, 1]


[1, 1]


[1, 1, 1]
[1, 1, 1, 1]


[1, 1, 1, 1, 1]


[1]
[1]


[1, 1, 1]


[1, 1]


[1, 1, 1, 1, 1, 1, 1]
[0, 0, 1, 1, 1, 1, 1]
[0, 1, 1, 1, 1, 1, 1]


[1, 1, 1, 1, 1, 1]


[1, 1, 1]


[1, 1, 1, 1, 1]


[1]


[1, 1, 1]
[1, 1, 1]


[1, 1]
[1, 1]


[1, 1, 1]


[1, 1, 1]


[1]


[1, 1, 1, 1, 1]


[1, 1, 1]


[1, 1, 1, 1, 1]


[1, 1]


[1, 1, 1, 1, 1]


[1, 1, 1]
[1, 1, 1, 1]


[1, 1, 1, 1, 1]


[1, 1]


[1, 1]


[1, 1, 1, 1, 1]


[1, 1, 1, 1]


[1]


[1, 1]


[1, 1, 1]


[1, 1, 1, 1]


[1, 1, 1, 1, 1]


[1, 1, 1, 1]


[1, 1, 1, 1]


[1, 1, 1, 1, 1]


[]

******************BLOCKING COMPLETED
BLOCK ROWS: 68 of AVG. SIZE: 1.4705882352941178
TRUE NONZEROS: 370 FAKE NONZEROS : 27, with AVG. in-block DENSITY: 0.9319899244332494
PRINTING BLOCK DISTRIBUTION: size -- blocks with that size
1 --> 48
2 --> 13
3 --> 3
4 --> 4
