[]
[]
[]
[]
[]
[]
[]
[]
[]
[]
[]
[]
[]
[]
[]
[]
[]
[]
[]
[]
[]
[]
[]
[]
[]
[]
[]
[]
[]
[]
[]
[]
[]
[]
[]
[]
[]
[]
[]
[]
[]
[]
[]
[]
[]
[]
[]
[]
[]
[]
[]
[]
[]
[]
[]
[]
[]
[]
[]
[]
[]
[]
[]
[]
[]
[]
[]
[]
[]
[]
[]
[]
[]
[]
[]
[]
[]
[]
[]
[]
[]
[]
[]
[]
[]
[]
[]
[]
[]
[]
[]
[]
[]
[]
[]
[]
[]
[]
[]
[]
[]
[]
[]
[]
[]
[]
[]
[]
[]
[]
[]
[]
[]
[]
[]
[]
[]
[]
[]
[]
[]
[]
[]
[]
[]
[]
[]
[]
[]
[]
[]
[]
[]
[]
[]
[]
[]
[]
[]
[]
[]
[]
[]
[]
[]
[]
[]
[]
[]
[]
[]
[]
[]
[]
[]
[]
[]
[]
[]
[]
[]
[]
[]
[]
[]
[]
[]
[]
[]
[]
[]
[]
[]


[1, 1]
[0, 0, 1]
[0, 0, 1]
[0, 0, 1]
[0, 0, 1]
[0, 0, 1]
[0, 0, 1]
[0, 0, 1]
[0, 0, 1]
[0, 0, 1]
[0, 0, 1]
[0, 0, 1]
[0, 0, 1]
[0, 0, 1]
[0, 0, 1]
[0, 0, 1]
[0, 0, 1]
[0, 0, 1]
[0, 0, 1]
[0, 0, 1]
[0, 0, 1]
[0, 0, 1]
[0, 0, 1]
[0, 0, 1]
[0, 0, 1]
[0, 0, 1]
[0, 0, 1]
[0, 0, 1]
[0, 0, 1]
[0, 0, 1]
[0, 0, 1]
[0, 0, 1]
[0, 0, 1]
[0, 0, 1]
[0, 0, 1]
[0, 0, 1]
[0, 0, 1]
[0, 0, 1]
[0, 0, 1]
[0, 0, 1]
[0, 0, 1]
[0, 0, 1]
[0, 0, 1]
[0, 0, 1]
[0, 0, 1]
[0, 0, 1]
[0, 0, 1]
[0, 0, 1]
[0, 0, 1]
[0, 0, 1]
[0, 0, 1]
[0, 0, 1]
[0, 0, 1]
[0, 1, 1]
[0, 0, 1]
[0, 0, 1]
[0, 0, 1]
[0, 0, 1]
[0, 0, 1]
[0, 0, 1]
[0, 0, 1]
[0, 0, 1]
[0, 0, 1]
[0, 0, 1]
[0, 0, 1]
[0, 0, 1]
[0, 0, 1]
[0, 0, 1]
[0, 0, 1]
[0, 0, 1]
[0, 1, 1]


[1]
[0, 1]
[0, 0, 1]
[0, 0, 1]
[0, 0, 1]
[0, 0, 1]
[0, 0, 1]
[0, 1, 1]
[0, 0, 1]
[0, 0, 1]
[0, 0, 1]
[0, 0, 1]
[0, 0, 1]
[0, 0, 1]
[0, 0, 1]
[0, 1, 1]
[0, 1, 1]
[0, 0, 1]
[0, 1, 1]
[0, 0, 1]
[0, 0, 1]
[0, 0, 1]
[0, 0, 1]
[0, 0, 1]
[0, 0, 1]
[0, 0, 1]
[0, 0, 1]
[0, 0, 1]
[0, 0, 1]
[0, 0, 1]
[0, 0, 1]
[0, 0, 1]
[0, 0, 1]
[0, 0, 1]
[0, 0, 1]
[0, 1, 1]
[0, 0, 1]
[0, 0, 1]
[0, 0, 1]
[0, 0, 1]
[0, 0, 1]
[0, 0, 1]
[0, 0, 1]
[0, 0, 1]
[0, 0, 1]
[0, 0, 1]
[0, 0, 1]
[1, 1, 1]
[0, 0, 1]
[0, 1, 1]
[0, 0, 1]
[0, 0, 1]
[0, 0, 1]
[0, 0, 1]
[0, 0, 1]
[0, 0, 1]
[0, 0, 1]
[0, 0, 1]
[0, 0, 1]
[0, 0, 1]
[0, 0, 1]
[0, 0, 1]
[0, 0, 1]
[0, 0, 1]
[0, 0, 1]
[0, 0, 1]
[0, 0, 1]
[0, 1, 1]
[0, 0, 1]
[0, 0, 1]


[1, 1]
[0, 1, 1]
[0, 0, 1]
[0, 0, 1]
[0, 0, 1]
[0, 0, 1]
[0, 0, 1]
[0, 0, 1]
[0, 0, 1]
[0, 0, 1]
[0, 0, 1]
[0, 0, 1]
[0, 0, 1]
[0, 0, 1]
[0, 0, 1]
[0, 0, 1]
[0, 1, 1]
[0, 0, 1]
[0, 0, 1]
[0, 0, 1]
[0, 0, 1]
[0, 0, 1]
[0, 0, 1]
[0, 0, 1]
[0, 0, 1]
[0, 0, 1]
[0, 0, 1]
[0, 0, 1]
[0, 0, 1]
[0, 0, 1]
[0, 0, 1]
[0, 0, 1]
[0, 0, 1]
[0, 1, 1]
[0, 0, 1]
[0, 0, 1]
[0, 0, 1]
[0, 1, 1]
[0, 0, 1]
[0, 0, 1]
[0, 0, 1]
[0, 0, 1]
[0, 1, 1]
[0, 0, 1]


[1]
[1, 1, 1]
[0, 0, 1, 1]
[0, 0, 0, 1]
[0, 0, 1, 1]
[0, 0, 0, 1]
[0, 0, 0, 1]
[0, 0, 0, 1]
[0, 0, 1, 1]
[0, 0, 1, 1]
[0, 0, 0, 1]
[0, 0, 0, 1]
[0, 0, 0, 1]
[0, 0, 0, 1]
[0, 0, 0, 1]
[0, 0, 1, 1]
[0, 0, 1, 1]
[0, 0, 1, 1]
[0, 0, 0, 1]
[0, 0, 0, 1]
[0, 0, 1, 1]
[0, 0, 1, 1]
[0, 0, 0, 1]
[0, 0, 1, 1]
[0, 0, 0, 1]
[0, 0, 1, 1]
[0, 0, 0, 1]
[0, 0, 1, 1]
[0, 0, 0, 1]
[0, 0, 1, 1]
[0, 0, 0, 1]


[1, 1]
[0, 1]
[1, 1, 1, 1]
[0, 0, 0, 1]
[0, 0, 0, 1]
[0, 0, 1, 1]
[0, 0, 1, 1]
[0, 0, 0, 1]
[0, 0, 0, 1]
[0, 0, 1, 1]
[0, 0, 0, 1]
[0, 0, 0, 1]
[0, 0, 1, 1]
[0, 0, 1, 1]
[0, 0, 1, 1]
[0, 0, 1, 1]
[0, 0, 0, 1]
[0, 0, 0, 1]
[0, 0, 0, 1]
[0, 0, 0, 1]
[0, 0, 1, 1]
[0, 0, 1, 1]
[0, 0, 0, 1]
[0, 0, 1, 1]
[0, 0, 0, 1]
[0, 0, 0, 1]
[0, 0, 1, 1]
[0, 0, 1, 1]
[0, 0, 1, 1]
[0, 0, 0, 1]
[0, 0, 0, 1]
[0, 0, 0, 1]
[0, 0, 0, 1]
[0, 0, 0, 1]
[0, 0, 1, 1]
[0, 0, 0, 1]
[0, 0, 1, 1]


[1, 1]
[0, 0, 1, 1]
[0, 0, 1, 1, 1]
[0, 0, 0, 1, 1]
[0, 0, 0, 1, 1]
[0, 0, 0, 1, 1]
[0, 0, 0, 1, 1]
[0, 0, 1, 1, 1]
[0, 0, 1, 1, 1]
[0, 0, 0, 1, 1]
[0, 0, 0, 1, 1]
[0, 0, 0, 1, 1]
[0, 0, 0, 1, 1]
[0, 0, 0, 1, 1]
[0, 0, 0, 1, 1]
[0, 0, 1, 1, 1]
[0, 0, 0, 1, 1]
[0, 0, 0, 1, 1]


[1, 1, 1]
[0, 0, 1, 1]
[0, 0, 1, 1, 1]
[0, 0, 0, 1, 1]
[0, 0, 1, 1, 1]
[0, 0, 0, 1, 1]
[0, 0, 0, 1, 1]
[0, 0, 0, 1, 1]
[0, 0, 0, 1, 1]
[0, 0, 0, 1, 1]
[0, 0, 1, 1, 1]
[0, 0, 0, 1, 1]
[0, 0, 0, 1, 1]
[0, 0, 0, 1, 1]
[0, 0, 0, 1, 1]
[0, 0, 1, 1, 1]
[0, 0, 0, 1, 1]
[0, 0, 0, 1, 1]
[0, 0, 0, 1, 1]
[0, 1, 1, 1, 1]
[0, 0, 0, 1, 1]


[1, 1]
[0, 1, 1]
[0, 0, 1, 1]
[0, 0, 1, 1]
[0, 0, 1, 1]
[0, 0, 1, 1]
[0, 0, 1, 1]
[0, 0, 1, 1]
[0, 0, 1, 1]


[1, 1]
[0, 0, 1, 1]
[0, 0, 1, 1, 1]
[0, 0, 0, 1, 1]
[0, 0, 0, 1, 1]
[0, 0, 1, 1, 1]


[1, 1]
[0, 1, 1, 1]
[0, 0, 1, 1]
[0, 0, 1, 1]
[0, 0, 1, 1]
[0, 0, 1, 1]


[1, 1]
[0, 0, 1, 1]
[0, 0, 1, 1]
[0, 1, 1, 1, 1]
[0, 0, 1, 1, 1]


[1, 1, 1]
[0, 0, 1, 1, 1]
[0, 0, 0, 1, 1]
[0, 0, 0, 1, 1]


[1, 1, 1]
[0, 1, 1, 1, 1]


[1, 1, 1]
[0, 1, 1, 1]


[1, 1, 1]

******************BLOCKING COMPLETED
BLOCK ROWS: 15 of AVG. SIZE: 33.333333333333336
TRUE NONZEROS: 478 FAKE NONZEROS : 690, with AVG. in-block DENSITY: 0.4092465753424658
PRINTING BLOCK DISTRIBUTION: size -- blocks with that size
1 --> 1
2 --> 2
4 --> 1
5 --> 1
6 --> 2
9 --> 1
18 --> 1
21 --> 1
31 --> 1
37 --> 1
44 --> 1
70 --> 1
71 --> 1
