[]
[]
[]
[]
[]
[]
[]
[]
[]
[]
[]
[]
[]
[]
[]
[]
[]
[]
[]
[]
[]
[]
[]
[]
[]
[]
[]
[]
[]
[]
[]
[]
[]
[]
[]
[]
[]
[]
[]
[]
[]
[]
[]
[]
[]
[]
[]
[]
[]
[]
[]
[]
[]
[]
[]
[]
[]
[]
[]
[]
[]
[]
[]
[]
[]
[]
[]
[]
[]
[]
[]
[]
[]
[]
[]
[]
[]
[]
[]
[]
[]
[]
[]
[]
[]
[]
[]
[]
[]
[]
[]
[]
[]
[]
[]
[]
[]
[]
[]
[]
[]
[]
[]
[]
[]
[]
[]
[]
[]
[]
[]
[]
[]
[]
[]
[]
[]
[]
[]
[]
[]
[]
[]
[]
[]
[]
[]
[]
[]
[]
[]
[]
[]
[]
[]
[]
[]
[]
[]
[]
[]
[]
[]
[]
[]
[]
[]
[]
[]
[]
[]
[]
[]
[]
[]
[]
[]
[]
[]
[]
[]
[]
[]
[]
[]
[]
[]
[]
[]
[]
[]
[]
[]
[]
[]
[]
[]
[]
[]
[]
[]
[]
[]
[]
[]
[]
[]
[]
[]
[]
[]
[]
[]
[]
[]
[]
[]
[]
[]
[]
[]
[]
[]
[]
[]
[]
[]
[]
[]
[]
[]
[]
[]
[]
[]
[]
[]
[]
[]
[]
[]
[]
[]
[]
[]
[]
[]
[]
[]
[]
[]
[]
[]
[]
[]
[]
[]
[]
[]
[]
[]
[]
[]
[]
[]
[]
[]
[]
[]
[]
[]
[]
[]
[]
[]
[]
[]
[]
[]
[]
[]
[]
[]
[]
[]
[]
[]
[]
[]
[]
[]
[]
[]
[]
[]
[]
[]
[]
[]
[]
[]
[]
[]
[]
[]
[]
[]
[]
[]
[]
[]
[]
[]


[1]
[0, 1]
[0, 0, 1]
[0, 0, 0, 1, 1]
[0, 0, 0, 0, 1]
[0, 0, 0, 0, 1]
[0, 0, 0, 0, 0, 1, 1]
[0, 0, 0, 0, 0, 0, 1]
[0, 0, 0, 0, 0, 0, 1]
[0, 0, 0, 0, 0, 1, 1]
[0, 0, 0, 0, 0, 0, 1]
[0, 0, 0, 0, 0, 0, 1]
[0, 0, 0, 0, 0, 0, 1, 1]
[0, 0, 0, 0, 0, 0, 0, 1]
[0, 0, 0, 0, 0, 0, 0, 1]
[0, 0, 0, 0, 0, 0, 1, 1]
[0, 0, 0, 0, 0, 0, 1, 1]
[0, 0, 0, 0, 0, 0, 0, 1]
[0, 0, 0, 0, 0, 0, 1, 1]
[0, 0, 0, 0, 0, 0, 0, 1]
[0, 0, 0, 0, 0, 0, 0, 1]
[0, 0, 0, 0, 0, 0, 0, 1]
[0, 0, 0, 0, 0, 0, 1, 1]
[0, 0, 0, 0, 0, 0, 0, 1]
[0, 0, 0, 0, 0, 0, 0, 1]
[0, 0, 0, 0, 0, 0, 0, 1]
[0, 0, 0, 0, 0, 0, 0, 1]
[0, 0, 0, 0, 0, 0, 0, 1]
[0, 0, 0, 0, 0, 0, 0, 1]
[0, 0, 0, 0, 0, 0, 0, 1]
[0, 0, 0, 0, 0, 0, 0, 1]
[0, 0, 0, 0, 0, 0, 0, 1]
[0, 0, 0, 0, 0, 0, 0, 1]
[0, 0, 0, 0, 0, 0, 0, 1]
[0, 0, 0, 0, 0, 0, 0, 1]
[0, 0, 0, 0, 0, 0, 0, 1]
[0, 0, 0, 0, 0, 0, 0, 1]
[0, 0, 0, 0, 0, 0, 0, 1]
[0, 0, 0, 0, 0, 0, 0, 1]
[0, 0, 0, 0, 0, 0, 0, 1]
[0, 0, 0, 0, 0, 0, 0, 1]
[0, 0, 0, 0, 0, 0, 0, 1]
[0, 0, 0, 0, 0, 0, 0, 1]
[0, 0, 0, 0, 0, 0, 0, 1]
[0, 0, 0, 0, 0, 0, 0, 1]
[0, 0, 0, 0, 0, 0, 0, 1]
[0, 0, 0, 0, 0, 0, 0, 1]
[0, 0, 0, 0, 0, 0, 0, 1]
[0, 0, 0, 0, 0, 0, 1, 1]
[0, 0, 0, 0, 0, 0, 0, 1]
[0, 0, 0, 0, 0, 0, 1, 1]
[0, 0, 0, 0, 0, 0, 1, 1]
[0, 0, 0, 0, 0, 0, 1, 1]
[0, 0, 0, 0, 0, 0, 0, 1]
[0, 0, 0, 0, 0, 0, 0, 1]
[0, 0, 0, 0, 0, 0, 0, 1]
[0, 0, 0, 0, 0, 0, 0, 1]
[0, 0, 0, 0, 0, 0, 0, 1]
[0, 0, 0, 0, 0, 0, 0, 1]
[0, 0, 0, 0, 0, 0, 0, 1]
[0, 0, 0, 0, 0, 0, 1, 1, 1]
[0, 0, 0, 0, 0, 0, 0, 1, 1]
[0, 0, 0, 0, 0, 0, 0, 1, 1]
[0, 0, 0, 0, 0, 0, 0, 1, 1]
[0, 0, 0, 0, 0, 0, 0, 1, 1]
[0, 0, 0, 0, 0, 0, 0, 1, 1]
[0, 0, 0, 0, 0, 0, 1, 1, 1]
[0, 0, 0, 0, 0, 0, 0, 1, 1]
[0, 0, 0, 0, 0, 0, 0, 1, 1]
[0, 0, 0, 0, 0, 0, 0, 1, 1]
[0, 0, 0, 0, 0, 0, 0, 1, 1]
[0, 0, 0, 0, 0, 0, 0, 1, 1]
[0, 0, 0, 0, 0, 0, 0, 1, 1]
[0, 0, 0, 0, 0, 0, 0, 1, 1]
[0, 0, 0, 0, 0, 0, 0, 1, 1]


[1]
[1]
[0, 1]
[0, 0, 1]
[0, 0, 1]
[0, 0, 1, 1]
[0, 0, 0, 1]
[0, 0, 1, 1]
[0, 0, 0, 1]
[0, 0, 0, 1]
[0, 0, 0, 1, 1]
[0, 0, 0, 0, 1]
[0, 0, 0, 0, 1]
[0, 0, 0, 0, 1]
[0, 0, 0, 0, 1, 1]
[0, 0, 0, 0, 0, 1, 1]
[0, 0, 0, 0, 0, 0, 1]
[0, 0, 0, 0, 0, 0, 1]
[0, 0, 0, 0, 0, 0, 1]
[0, 0, 0, 0, 0, 0, 1]
[0, 0, 0, 0, 0, 0, 1]
[0, 0, 0, 0, 0, 0, 1]
[0, 0, 0, 0, 0, 0, 1]
[0, 0, 0, 0, 0, 0, 1]
[0, 0, 0, 0, 0, 0, 1]
[0, 0, 0, 0, 0, 0, 1]
[0, 0, 0, 0, 0, 0, 1]
[0, 0, 0, 0, 0, 0, 1]
[0, 0, 0, 0, 0, 0, 1]
[0, 0, 0, 0, 0, 0, 1]
[0, 0, 0, 0, 0, 0, 1]
[0, 0, 0, 0, 0, 0, 1]
[0, 0, 0, 0, 0, 1, 1]
[0, 0, 0, 0, 0, 0, 1]
[0, 0, 0, 0, 0, 0, 1]
[0, 0, 0, 0, 0, 0, 1]
[0, 0, 0, 0, 0, 0, 1]
[0, 0, 0, 0, 0, 1, 1]
[0, 0, 0, 0, 0, 0, 1]
[0, 0, 0, 0, 0, 0, 1]
[0, 0, 0, 0, 0, 0, 1]
[0, 0, 0, 0, 0, 0, 1]
[0, 0, 0, 0, 0, 0, 1]
[0, 0, 0, 0, 0, 0, 1]
[0, 0, 0, 0, 0, 0, 1]
[0, 0, 0, 0, 0, 0, 1]
[0, 0, 0, 0, 0, 0, 1]
[0, 0, 0, 0, 0, 0, 1]
[0, 0, 0, 0, 0, 0, 1]
[0, 0, 0, 0, 0, 1, 1]
[0, 0, 0, 0, 0, 0, 1]
[0, 0, 0, 0, 0, 0, 1]
[0, 0, 0, 0, 0, 0, 1]
[0, 0, 0, 0, 0, 0, 1]
[0, 0, 0, 0, 0, 0, 1]
[0, 0, 0, 0, 0, 0, 1]
[0, 0, 0, 0, 0, 0, 1]
[0, 0, 0, 0, 0, 0, 1]
[0, 0, 0, 0, 0, 0, 1]
[0, 0, 0, 0, 0, 0, 1]
[0, 0, 0, 0, 0, 0, 1]
[0, 0, 0, 0, 0, 0, 1]
[0, 0, 0, 0, 0, 0, 1]
[0, 0, 0, 0, 0, 0, 1]
[0, 0, 0, 0, 0, 0, 1]
[0, 0, 0, 0, 0, 1, 1]
[0, 0, 0, 0, 0, 0, 1]
[0, 0, 0, 0, 0, 0, 1]
[0, 0, 0, 0, 0, 0, 1]
[0, 0, 0, 0, 0, 0, 1]
[0, 0, 0, 0, 0, 0, 1]
[0, 0, 0, 0, 0, 0, 1]
[0, 0, 0, 0, 0, 0, 1]
[0, 0, 0, 0, 0, 0, 1]
[0, 0, 0, 0, 0, 0, 1]
[0, 0, 0, 0, 0, 0, 1]
[0, 0, 0, 0, 0, 0, 1]
[0, 0, 0, 0, 0, 0, 1]
[0, 0, 0, 0, 0, 0, 1]
[0, 0, 0, 0, 0, 0, 1]
[0, 0, 0, 0, 0, 0, 1]
[0, 0, 0, 0, 0, 0, 1]
[0, 0, 0, 0, 0, 0, 1]
[0, 0, 0, 0, 0, 0, 1]
[0, 0, 0, 0, 0, 0, 1]
[0, 0, 0, 0, 0, 0, 1]
[0, 0, 0, 0, 0, 0, 1]
[0, 0, 0, 0, 0, 0, 1]
[0, 0, 0, 0, 0, 0, 1]
[0, 0, 0, 0, 0, 0, 1]
[0, 0, 0, 0, 0, 0, 1]
[0, 0, 0, 0, 0, 0, 1]
[0, 0, 0, 0, 0, 0, 1]
[0, 0, 0, 0, 0, 0, 1]
[0, 0, 0, 0, 0, 0, 1]
[0, 0, 0, 0, 0, 0, 1]
[0, 0, 0, 0, 0, 0, 1]
[0, 0, 0, 0, 0, 0, 1]
[0, 0, 0, 0, 0, 0, 1]
[0, 0, 0, 0, 0, 0, 1]
[0, 0, 0, 0, 0, 0, 1]
[0, 0, 0, 0, 0, 0, 1]


[1]
[0, 1]
[0, 0, 1]
[0, 0, 1]
[0, 0, 1]
[0, 0, 1]
[0, 0, 1]
[0, 0, 1]
[0, 0, 1]
[0, 0, 1]
[0, 0, 1]
[0, 0, 1]
[0, 0, 1]
[0, 0, 1]
[0, 0, 1]
[0, 0, 1]
[0, 0, 1]
[0, 0, 1]
[0, 0, 1]
[0, 0, 1]
[0, 0, 1]
[0, 0, 1]
[0, 0, 1]
[0, 0, 1]
[0, 0, 1]
[0, 0, 1]
[0, 0, 1]
[0, 0, 1]
[0, 0, 1]
[0, 0, 1]

******************BLOCKING COMPLETED
BLOCK ROWS: 3 of AVG. SIZE: 166.66666666666666
TRUE NONZEROS: 245 FAKE NONZEROS : 1105, with AVG. in-block DENSITY: 0.1814814814814815
PRINTING BLOCK DISTRIBUTION: size -- blocks with that size
30 --> 1
75 --> 1
102 --> 1
