[1, 1, 1, 1, 1]
[0, 0, 0, 1, 1, 1, 1, 1]
[0, 0, 0, 0, 0, 0, 1, 1]
[0, 0, 0, 0, 0, 0, 1, 1]
[0, 0, 0, 0, 0, 0, 1, 1]


[1]
[1, 1, 1]
[0, 0, 1]
[0, 0, 1]
[0, 0, 1]
[0, 0, 1]
[0, 0, 1]
[0, 0, 1]


[1, 1]
[0, 1, 1, 1]
[0, 0, 0, 1]
[0, 0, 0, 1]
[0, 0, 0, 1]


[1, 1]
[0, 1, 1]
[0, 0, 1]
[0, 0, 1]


[]
[]
[]
[]
[]
[]
[]
[]
[]
[]
[]
[]


[1]
[1, 1, 1, 1]
[0, 0, 0, 1]


[1, 1]
[0, 1, 1, 1]
[0, 0, 0, 1]
[0, 0, 0, 1]
[0, 0, 0, 1]
[0, 0, 0, 1]
[0, 0, 0, 1]


[1, 1]
[0, 1, 1, 1]
[0, 0, 1, 1]


[1]
[1, 1]
[0, 1]
[0, 1]
[0, 1]
[0, 1]


[1]
[1, 1, 1]


[1, 1, 1, 1]
[0, 0, 0, 1]
[0, 0, 0, 1]
[0, 0, 1, 1]
[0, 0, 0, 1]


[1]
[1, 1, 1, 1]


[1, 1]
[0, 1, 1, 1]


[1, 1]
[0, 1, 1, 1]


[1, 1, 1, 1]
[0, 0, 1, 1, 1, 1]
[0, 0, 0, 0, 1, 1]


[1, 1]
[0, 1, 1]


[1, 1, 1]
[0, 0, 1, 1]
[0, 1, 1, 1]


[1, 1, 1, 1]
[0, 0, 1, 1, 1]


[1, 1, 1]
[0, 1, 1]


[1, 1, 1, 1]
[0, 0, 0, 1]


[1, 1, 1]


[1, 1, 1, 1]
[0, 0, 1, 1]


[1, 1]
[0, 1, 1]
[1, 1, 1, 1]


[1, 1, 1, 1]
[0, 0, 1, 1]


[1, 1, 1, 1]
[0, 0, 1, 1]


[1, 1]
[0, 1, 1]


[1, 1, 1]
[0, 1, 1, 1]


[1, 1]
[0, 1, 1, 1]


[1, 1, 1, 1]
[0, 0, 1, 1, 1]


[1, 1, 1, 1]


[1, 1, 1]

******************BLOCKING COMPLETED
BLOCK ROWS: 30 of AVG. SIZE: 3.3333333333333335
TRUE NONZEROS: 195 FAKE NONZEROS : 152, with AVG. in-block DENSITY: 0.5619596541786743
PRINTING BLOCK DISTRIBUTION: size -- blocks with that size
1 --> 3
2 --> 15
3 --> 5
4 --> 1
5 --> 3
6 --> 1
7 --> 1
8 --> 1
