[1, 1]


[1, 1, 1]


[1]
[1]
[1]


[1]
[1]
[1]
[1]
[1]


[1, 1]


[1]
[1]
[1]
[1]
[1]
[1]


[1, 1]


[1, 1]


[]
[]
[]
[]
[]
[]
[]
[]
[]
[]
[]
[]
[]
[]
[]
[]
[]
[]
[]
[]
[]
[]
[]
[]
[]
[]
[]
[]
[]
[]
[]
[]
[]
[]
[]
[]


[1]
[1]
[1]
[1]


[1, 1]


[1]
[1]
[1]
[1]
[1]


[1]
[1]
[1]
[1]


[1, 1, 1]


[1]
[1]
[1]
[1]


[1]
[1]
[1]
[1]
[1]


[1, 1]


[1]
[1]
[1]


[1, 1]
[1, 1]


[1, 1, 1]


[1, 1]


[1, 1]


[1, 1]
[1, 1]


[1]
[1]


[1, 1, 1]


[1, 1]


[1, 1, 1]


[1, 1]


[1, 1]


[1, 1, 1]


[1, 1]


[1, 1]

******************BLOCKING COMPLETED
BLOCK ROWS: 31 of AVG. SIZE: 3.225806451612903
TRUE NONZEROS: 93 FAKE NONZEROS : 0, with AVG. in-block DENSITY: 1.0
PRINTING BLOCK DISTRIBUTION: size -- blocks with that size
1 --> 19
2 --> 3
3 --> 2
4 --> 3
5 --> 3
6 --> 1
