[]
[]
[]
[]
[]
[]
[]
[]
[]
[]
[]
[]
[]
[]
[]
[]
[]
[]
[]
[]
[]
[]
[]
[]
[]
[]
[]
[]
[]
[]
[]
[]
[]
[]
[]
[]
[]
[]
[]
[]
[]
[]
[]
[]
[]
[]
[]
[]
[]
[]
[]
[]
[]
[]
[]
[]
[]
[]
[]
[]
[]
[]
[]
[]


[1]
[0, 1]
[0, 0, 1]
[0, 0, 0, 1]
[0, 0, 0, 0, 1]
[0, 0, 0, 0, 1, 1]
[0, 0, 0, 0, 0, 1]


[1]
[0, 1]
[0, 0, 1]
[0, 0, 0, 1]
[0, 0, 0, 0, 1]
[0, 0, 0, 0, 1]
[0, 0, 0, 0, 1]
[0, 0, 0, 0, 1, 1]
[0, 0, 0, 0, 0, 1]


[1, 1, 1]
[0, 0, 0, 1, 1]
[0, 0, 0, 0, 1]
[0, 0, 0, 0, 1]


[1]
[0, 1]
[0, 0, 1, 1, 1]
[0, 0, 0, 0, 1, 1]


[1, 1, 1]
[0, 0, 0, 1]
[0, 0, 0, 0, 1]
[0, 0, 0, 0, 1, 1]
[0, 0, 0, 0, 0, 1]


[1, 1]
[0, 0, 1]
[0, 0, 0, 1]
[0, 0, 0, 0, 1]


[1, 1]
[0, 0, 1, 1]
[0, 0, 0, 0, 1]

******************BLOCKING COMPLETED
BLOCK ROWS: 7 of AVG. SIZE: 14.285714285714286
TRUE NONZEROS: 50 FAKE NONZEROS : 121, with AVG. in-block DENSITY: 0.29239766081871343
PRINTING BLOCK DISTRIBUTION: size -- blocks with that size
3 --> 1
4 --> 3
5 --> 1
7 --> 1
9 --> 1
