[1, 1, 1]
[0, 1, 1, 1, 1, 1, 1, 1, 1]
[0, 0, 0, 0, 0, 0, 0, 1, 1]
[0, 0, 0, 0, 0, 0, 1, 1, 1, 1, 1]
[0, 0, 0, 0, 0, 0, 0, 0, 1, 1, 1, 1]
[0, 0, 0, 0, 0, 0, 0, 0, 0, 1, 1, 1, 1]
[0, 0, 0, 0, 0, 0, 0, 0, 0, 0, 1, 1, 1]
[0, 0, 0, 0, 0, 0, 0, 0, 0, 1, 1, 1, 1, 1]
[0, 0, 0, 0, 0, 0, 0, 0, 0, 0, 0, 1, 1, 1]
[0, 0, 0, 0, 0, 0, 0, 0, 0, 0, 0, 1, 1, 1]
[0, 0, 0, 0, 0, 0, 0, 0, 0, 0, 0, 1, 1, 1]
[0, 0, 0, 0, 0, 0, 0, 0, 0, 0, 0, 1, 1, 1]
[0, 0, 0, 0, 0, 0, 0, 0, 0, 0, 0, 1, 1, 1]
[0, 0, 0, 0, 0, 0, 0, 0, 0, 0, 0, 1, 1, 1]
[0, 0, 0, 0, 0, 0, 0, 0, 0, 0, 1, 1, 1, 1, 1, 1, 1]
[0, 0, 0, 0, 0, 0, 0, 0, 0, 0, 0, 0, 0, 1, 1, 1, 1, 1]
[0, 0, 0, 0, 0, 0, 0, 0, 0, 0, 0, 0, 0, 0, 1, 1, 1, 1]
[0, 0, 0, 0, 0, 0, 0, 0, 0, 0, 0, 0, 0, 1, 1, 1, 1, 1, 1]
[0, 0, 0, 0, 0, 0, 0, 0, 0, 0, 0, 0, 0, 0, 1, 1, 1, 1, 1]
[0, 0, 0, 0, 0, 0, 0, 0, 0, 0, 0, 0, 0, 0, 1, 1, 1, 1, 1]
[0, 0, 0, 0, 0, 0, 0, 0, 0, 0, 0, 0, 0, 0, 0, 1, 1, 1, 1]
[0, 0, 0, 0, 0, 0, 0, 0, 0, 0, 0, 0, 0, 0, 0, 1, 1, 1, 1]
[0, 0, 0, 0, 0, 0, 0, 0, 0, 0, 0, 0, 0, 0, 0, 1, 1, 1, 1]
[0, 0, 0, 0, 0, 0, 0, 0, 0, 0, 0, 0, 0, 0, 0, 1, 1, 1, 1]
[0, 0, 0, 0, 0, 0, 0, 0, 0, 0, 0, 0, 0, 0, 0, 1, 1, 1, 1]
[0, 0, 0, 0, 0, 0, 0, 0, 0, 0, 0, 0, 0, 0, 0, 1, 1, 1, 1]
[0, 0, 0, 0, 0, 0, 0, 0, 0, 0, 0, 0, 0, 0, 1, 1, 1, 1, 1, 1]
[0, 0, 0, 0, 0, 0, 0, 0, 0, 0, 0, 0, 0, 0, 1, 1, 1, 1, 1, 1]
[0, 0, 0, 0, 0, 0, 0, 0, 0, 0, 0, 0, 0, 0, 0, 1, 1, 1, 1, 1]
[0, 0, 0, 0, 0, 0, 0, 0, 0, 0, 0, 0, 0, 0, 0, 1, 1, 1, 1, 1]
[0, 0, 0, 0, 0, 0, 0, 0, 0, 0, 0, 0, 0, 0, 0, 1, 1, 1, 1, 1]
[0, 0, 0, 0, 0, 0, 0, 0, 0, 0, 0, 0, 0, 0, 1, 1, 1, 1, 1, 1]
[0, 0, 0, 0, 0, 0, 0, 0, 0, 0, 0, 0, 0, 1, 1, 1, 1, 1, 1, 1]
[0, 0, 0, 0, 0, 0, 0, 0, 0, 0, 0, 0, 0, 0, 0, 1, 1, 1, 1, 1]


[1, 1, 1, 1]
[0, 0, 1, 1, 1, 1]
[0, 0, 0, 0, 1, 1, 1, 1]
[0, 0, 0, 0, 0, 0, 1, 1, 1]
[0, 0, 0, 0, 0, 0, 0, 1, 1]
[0, 0, 0, 0, 0, 0, 0, 1, 1]
[0, 0, 0, 0, 0, 0, 1, 1, 1, 1]
[0, 0, 0, 0, 0, 0, 0, 1, 1, 1, 1]
[0, 0, 0, 0, 0, 0, 0, 1, 1, 1, 1, 1]
[0, 0, 0, 0, 0, 0, 0, 0, 1, 1, 1, 1]
[0, 0, 0, 0, 0, 0, 0, 0, 0, 1, 1, 1]
[0, 0, 0, 0, 0, 0, 0, 0, 0, 1, 1, 1, 1]
[0, 0, 0, 0, 0, 0, 0, 0, 0, 0, 1, 1, 1]
[0, 0, 0, 0, 0, 0, 0, 0, 0, 1, 1, 1, 1, 1]
[0, 0, 0, 0, 0, 0, 0, 0, 0, 0, 1, 1, 1, 1]
[0, 0, 0, 0, 0, 0, 0, 0, 0, 0, 0, 1, 1, 1]
[0, 0, 0, 0, 0, 0, 0, 0, 0, 0, 0, 1, 1, 1]
[0, 0, 0, 0, 0, 0, 0, 0, 0, 0, 0, 1, 1, 1]
[0, 0, 0, 0, 0, 0, 0, 0, 0, 0, 0, 1, 1, 1]
[0, 0, 0, 0, 0, 0, 0, 0, 0, 0, 0, 1, 1, 1]
[0, 0, 0, 0, 0, 0, 0, 0, 0, 0, 0, 1, 1, 1]
[0, 0, 0, 0, 0, 0, 0, 0, 0, 0, 0, 1, 1, 1]
[0, 0, 0, 0, 0, 0, 0, 0, 0, 0, 0, 1, 1, 1]
[0, 0, 0, 0, 0, 0, 0, 0, 0, 0, 0, 1, 1, 1]
[0, 0, 0, 0, 0, 0, 0, 0, 0, 0, 1, 1, 1, 1]
[0, 0, 0, 0, 0, 0, 0, 0, 0, 0, 0, 1, 1, 1]
[0, 0, 0, 0, 0, 0, 0, 0, 0, 0, 0, 1, 1, 1]
[0, 0, 0, 0, 0, 0, 0, 0, 0, 0, 0, 1, 1, 1]
[0, 0, 0, 0, 0, 0, 0, 0, 0, 0, 0, 1, 1, 1]
[0, 0, 0, 0, 0, 0, 0, 0, 0, 0, 1, 1, 1, 1]
[0, 0, 0, 0, 0, 0, 0, 0, 0, 0, 0, 1, 1, 1]
[0, 0, 0, 0, 0, 0, 0, 0, 0, 0, 0, 1, 1, 1]
[0, 0, 0, 0, 0, 0, 0, 0, 0, 0, 1, 1, 1, 1]
[0, 0, 0, 0, 0, 0, 0, 0, 0, 0, 0, 1, 1, 1]
[0, 0, 0, 0, 0, 0, 0, 0, 0, 0, 0, 1, 1, 1]
[0, 0, 0, 0, 0, 0, 0, 0, 0, 0, 0, 1, 1, 1]
[0, 0, 0, 0, 0, 0, 0, 0, 0, 0, 1, 1, 1, 1]
[0, 0, 0, 0, 0, 0, 0, 0, 0, 0, 0, 1, 1, 1]
[0, 0, 0, 0, 0, 0, 0, 0, 0, 0, 1, 1, 1, 1]
[0, 0, 0, 0, 0, 0, 0, 0, 0, 0, 0, 1, 1, 1]
[0, 0, 0, 0, 0, 0, 0, 0, 0, 0, 0, 1, 1, 1]
[0, 0, 0, 0, 0, 0, 0, 0, 0, 0, 0, 1, 1, 1]
[0, 0, 0, 0, 0, 0, 0, 0, 0, 0, 1, 1, 1, 1]
[0, 0, 0, 0, 0, 0, 0, 0, 0, 0, 1, 1, 1, 1]
[0, 0, 0, 0, 0, 0, 0, 0, 0, 0, 0, 1, 1, 1]
[0, 0, 0, 0, 0, 0, 0, 0, 0, 0, 0, 1, 1, 1]
[0, 0, 0, 0, 0, 0, 0, 0, 0, 0, 0, 1, 1, 1]


[1]
[1, 1]
[0, 1, 1]
[0, 0, 1]
[0, 0, 1]
[0, 0, 1, 1]
[0, 0, 1, 1, 1]
[0, 0, 0, 1, 1]
[0, 0, 0, 1, 1, 1, 1, 1]
[0, 0, 0, 0, 0, 1, 1, 1, 1]
[0, 0, 0, 0, 0, 0, 1, 1, 1, 1]
[0, 0, 0, 0, 0, 0, 0, 1, 1, 1]
[0, 0, 0, 0, 0, 0, 0, 1, 1, 1, 1]
[0, 0, 0, 0, 0, 0, 0, 0, 1, 1, 1, 1]
[0, 0, 0, 0, 0, 0, 0, 0, 0, 1, 1, 1]
[0, 0, 0, 0, 0, 0, 0, 0, 1, 1, 1, 1]
[0, 0, 0, 0, 0, 0, 0, 0, 0, 1, 1, 1, 1]
[0, 0, 0, 0, 0, 0, 0, 0, 0, 0, 1, 1, 1]
[0, 0, 0, 0, 0, 0, 0, 0, 0, 0, 1, 1, 1]
[0, 0, 0, 0, 0, 0, 0, 0, 0, 0, 1, 1, 1]
[0, 0, 0, 0, 0, 0, 0, 0, 0, 1, 1, 1, 1]
[0, 0, 0, 0, 0, 0, 0, 0, 0, 1, 1, 1, 1]
[0, 0, 0, 0, 0, 0, 0, 0, 0, 0, 1, 1, 1]
[0, 0, 0, 0, 0, 0, 0, 0, 0, 0, 1, 1, 1]
[0, 0, 0, 0, 0, 0, 0, 0, 0, 0, 1, 1, 1]
[0, 0, 0, 0, 0, 0, 0, 0, 0, 0, 1, 1, 1, 1]
[0, 0, 0, 0, 0, 0, 0, 0, 0, 0, 0, 1, 1, 1]


[1, 1, 1]
[0, 0, 1]
[0, 0, 1, 1]
[0, 0, 0, 1]
[0, 0, 0, 1]
[0, 0, 1, 1]
[0, 0, 0, 1]
[0, 0, 0, 1]
[0, 0, 0, 1]
[0, 0, 1, 1, 1]
[0, 0, 0, 1, 1]
[0, 0, 0, 1, 1, 1, 1]
[0, 0, 0, 1, 1, 1, 1]
[0, 0, 0, 0, 1, 1, 1]
[0, 0, 0, 0, 0, 1, 1]
[0, 0, 0, 0, 0, 1, 1]
[0, 0, 0, 0, 0, 1, 1]
[0, 0, 0, 0, 0, 1, 1, 1]
[0, 0, 0, 0, 0, 0, 1, 1]
[0, 0, 0, 0, 0, 0, 1, 1]
[0, 0, 0, 0, 0, 0, 1, 1, 1]
[0, 0, 0, 0, 0, 0, 1, 1, 1]
[0, 0, 0, 0, 0, 0, 0, 1, 1]
[0, 0, 0, 0, 0, 0, 0, 1, 1]
[0, 0, 0, 0, 0, 0, 0, 1, 1]


[1, 1]
[1, 1, 1]
[0, 0, 1]
[0, 0, 1, 1]
[0, 0, 0, 1]
[0, 0, 1, 1, 1]
[0, 0, 0, 1, 1, 1, 1]
[0, 0, 0, 0, 0, 1, 1]
[0, 0, 0, 0, 0, 1, 1, 1]
[0, 0, 0, 0, 0, 0, 1, 1]
[0, 0, 0, 0, 0, 0, 1, 1, 1]
[0, 0, 0, 0, 0, 0, 0, 1, 1]
[0, 0, 0, 0, 0, 0, 0, 1, 1]
[0, 0, 0, 0, 0, 0, 0, 1, 1]
[0, 0, 0, 0, 0, 0, 0, 1, 1]
[0, 0, 0, 0, 0, 0, 1, 1, 1, 1]
[0, 0, 0, 0, 0, 0, 0, 1, 1, 1]
[0, 0, 0, 0, 0, 0, 0, 1, 1, 1]
[0, 0, 0, 0, 0, 0, 0, 1, 1, 1, 1]
[0, 0, 0, 0, 0, 0, 0, 1, 1, 1, 1]


[1, 1]
[0, 1, 1, 1]
[0, 0, 1, 1]
[0, 0, 0, 1]
[0, 0, 1, 1, 1]
[0, 0, 0, 1, 1, 1]
[0, 0, 0, 0, 1, 1, 1]
[0, 0, 0, 0, 0, 1, 1]
[0, 0, 0, 0, 0, 1, 1, 1]
[0, 0, 0, 0, 0, 0, 1, 1, 1]
[0, 0, 0, 0, 0, 0, 0, 1, 1]
[0, 0, 0, 0, 0, 0, 0, 1, 1]
[0, 0, 0, 0, 0, 0, 0, 1, 1]
[0, 0, 0, 0, 0, 0, 0, 1, 1]
[0, 0, 0, 0, 0, 0, 0, 1, 1]
[0, 0, 0, 0, 0, 0, 0, 1, 1]
[0, 0, 0, 0, 0, 0, 0, 1, 1]
[0, 0, 0, 0, 0, 0, 0, 1, 1]
[0, 0, 0, 0, 0, 0, 1, 1, 1]
[0, 0, 0, 0, 0, 0, 0, 1, 1]


[1, 1, 1, 1]
[0, 0, 0, 1]
[0, 0, 0, 1]
[0, 0, 1, 1]
[0, 0, 0, 1]
[0, 0, 0, 1]
[0, 0, 0, 1]
[0, 0, 0, 1]
[0, 0, 0, 1]
[0, 0, 1, 1]
[0, 0, 0, 1]
[0, 0, 0, 1]
[0, 0, 0, 1]
[0, 0, 0, 1]
[0, 0, 0, 1]
[0, 0, 0, 1]
[0, 0, 1, 1]
[0, 0, 0, 1]
[0, 0, 0, 1]
[0, 0, 0, 1]
[0, 0, 0, 1]


[]
[]
[]
[]
[]
[]
[]
[]
[]
[]
[]
[]
[]
[]
[]
[]
[]
[]
[]
[]
[]
[]
[]
[]
[]
[]
[]
[]
[]
[]
[]
[]
[]
[]
[]
[]
[]
[]
[]
[]
[]
[]
[]
[]
[]
[]
[]
[]
[]
[]
[]
[]
[]
[]
[]
[]
[]
[]
[]
[]
[]
[]
[]
[]
[]
[]
[]
[]
[]
[]
[]
[]
[]
[]
[]
[]


[1]
[1, 1, 1]
[0, 0, 1, 1]
[0, 0, 0, 1]
[0, 0, 1, 1]
[0, 0, 0, 1]
[0, 0, 0, 1]
[0, 0, 0, 1]
[0, 0, 0, 1]
[0, 0, 1, 1, 1, 1]
[0, 0, 0, 1, 1, 1, 1]
[0, 0, 0, 1, 1, 1, 1]
[0, 0, 0, 0, 0, 1, 1]
[0, 0, 0, 0, 0, 1, 1]
[0, 0, 0, 0, 0, 1, 1]
[0, 0, 0, 0, 0, 1, 1, 1]
[0, 0, 0, 0, 0, 0, 1, 1, 1]
[0, 0, 0, 0, 0, 0, 0, 1, 1]
[0, 0, 0, 0, 0, 0, 0, 1, 1]
[0, 0, 0, 0, 0, 0, 1, 1, 1]
[0, 0, 0, 0, 0, 0, 0, 1, 1]
[0, 0, 0, 0, 0, 0, 0, 1, 1]
[0, 0, 0, 0, 0, 0, 0, 1, 1]
[0, 0, 0, 0, 0, 0, 0, 1, 1]
[0, 0, 0, 0, 0, 0, 0, 1, 1]


[1]
[1, 1]
[0, 1, 1]
[0, 0, 1]
[0, 0, 1, 1]
[0, 0, 0, 1]
[0, 0, 0, 1]
[0, 0, 0, 1]
[0, 0, 0, 1]
[0, 0, 0, 1]
[0, 0, 0, 1]
[0, 0, 0, 1]
[0, 0, 0, 1]
[0, 0, 0, 1]
[0, 0, 1, 1]
[0, 0, 0, 1]
[0, 0, 0, 1]
[0, 0, 0, 1]
[0, 0, 1, 1, 1]
[0, 0, 0, 1, 1, 1]
[0, 0, 0, 0, 1, 1]
[0, 0, 0, 0, 1, 1, 1]
[0, 0, 0, 0, 0, 1, 1, 1]
[0, 0, 0, 0, 0, 0, 1, 1]
[0, 0, 0, 0, 0, 0, 1, 1]


[1, 1]
[0, 1]
[0, 1, 1]
[0, 0, 1, 1]
[0, 0, 1, 1]
[0, 0, 1, 1]
[0, 0, 0, 1]
[0, 0, 1, 1, 1]
[0, 0, 0, 1, 1, 1, 1]
[0, 0, 0, 0, 0, 1, 1, 1, 1]
[0, 0, 0, 0, 0, 0, 0, 1, 1]
[0, 0, 0, 0, 0, 0, 0, 1, 1]
[0, 0, 0, 0, 0, 0, 0, 1, 1]
[0, 0, 0, 0, 0, 0, 0, 1, 1]
[0, 0, 0, 0, 0, 0, 0, 1, 1]
[0, 0, 0, 0, 0, 0, 0, 1, 1]
[0, 0, 0, 0, 0, 0, 0, 1, 1]
[0, 0, 0, 0, 0, 0, 0, 1, 1]
[0, 0, 0, 0, 0, 0, 0, 1, 1]
[0, 0, 0, 0, 0, 0, 0, 1, 1]


[1, 1, 1, 1]
[0, 0, 1, 1]
[0, 0, 0, 1]
[0, 0, 0, 1]
[0, 0, 0, 1]
[0, 0, 0, 1]
[0, 0, 0, 1]
[0, 0, 0, 1]
[0, 0, 0, 1]
[0, 0, 1, 1, 1]


[1, 1]
[0, 1, 1, 1]
[0, 0, 1, 1, 1]
[0, 0, 0, 1, 1]
[0, 0, 0, 1, 1]
[0, 0, 0, 1, 1]
[0, 0, 0, 1, 1]


[1, 1]
[0, 1, 1]
[0, 0, 1]
[0, 0, 1]
[0, 0, 1, 1]
[0, 0, 0, 1]
[0, 0, 0, 1]
[0, 0, 0, 1]
[0, 0, 0, 1]
[0, 0, 0, 1]
[0, 0, 0, 1]
[0, 0, 0, 1]
[0, 0, 0, 1]
[0, 0, 0, 1]


[1]
[1]
[1]
[1]
[1, 1]
[0, 1]
[0, 1, 1]
[0, 0, 1, 1]
[0, 0, 0, 1]
[0, 0, 0, 1]
[0, 0, 0, 1]
[0, 0, 1, 1, 1]
[0, 0, 0, 1, 1]
[0, 0, 0, 1, 1]
[0, 0, 0, 1, 1]
[0, 0, 0, 1, 1, 1]


[1]
[1, 1]
[0, 1]
[0, 1, 1, 1]
[0, 0, 1, 1]
[0, 0, 1, 1]
[0, 0, 1, 1, 1]
[0, 0, 0, 1, 1]
[0, 0, 0, 1, 1]


[1, 1]
[0, 1]
[0, 1]
[0, 1, 1]
[0, 1, 1, 1]
[0, 0, 0, 1]
[0, 0, 0, 1]
[0, 0, 0, 1]
[0, 0, 0, 1]
[0, 0, 0, 1]
[0, 0, 0, 1]
[0, 0, 0, 1]
[0, 0, 0, 1]
[0, 0, 0, 1]
[0, 0, 0, 1]
[0, 0, 0, 1]
[0, 0, 0, 1]
[0, 0, 0, 1]
[0, 0, 0, 1]
[0, 0, 0, 1]
[0, 0, 0, 1]
[0, 0, 0, 1]
[0, 0, 0, 1]


[1, 1]
[0, 1, 1]
[0, 0, 1, 1]
[0, 0, 1, 1]
[0, 0, 0, 1]
[0, 0, 0, 1]
[0, 0, 0, 1]
[0, 0, 1, 1]
[0, 0, 0, 1]
[0, 0, 0, 1]
[0, 0, 0, 1]
[0, 0, 0, 1]
[0, 0, 0, 1]


[1]
[1, 1, 1]
[0, 0, 1, 1]
[0, 0, 0, 1]
[0, 0, 0, 1]
[0, 0, 1, 1]
[0, 0, 0, 1]
[0, 0, 1, 1]
[0, 0, 0, 1]
[0, 0, 1, 1]
[0, 0, 0, 1]
[0, 0, 0, 1]
[0, 0, 0, 1]
[0, 0, 1, 1, 1]


[1]
[1]
[1, 1]
[0, 1, 1, 1]
[0, 0, 0, 1]
[0, 0, 0, 1]
[0, 0, 0, 1]
[0, 0, 0, 1]
[0, 0, 0, 1]
[0, 0, 0, 1]
[0, 0, 0, 1]
[0, 0, 0, 1]
[0, 0, 0, 1]
[0, 0, 0, 1]
[0, 0, 1, 1]
[0, 0, 0, 1]
[0, 0, 0, 1]
[0, 0, 0, 1]
[0, 0, 0, 1]
[0, 0, 0, 1]


[1, 1]
[0, 1]
[0, 1, 1]
[0, 0, 1, 1]
[0, 0, 0, 1]
[0, 0, 0, 1]
[0, 0, 0, 1]
[0, 0, 0, 1]
[0, 0, 0, 1]


[1, 1]
[0, 1, 1]
[0, 0, 1, 1]


[1, 1]
[1, 1]
[0, 1, 1]
[0, 0, 1]
[0, 0, 1, 1]


[1, 1]
[0, 1, 1]
[0, 0, 1, 1]
[0, 0, 1, 1]


[1, 1]
[0, 1, 1]
[0, 1, 1]
[0, 1, 1]
[0, 0, 1]
[0, 0, 1]
[0, 0, 1, 1]


[1, 1]
[0, 1, 1, 1]


[1, 1]


[1, 1]
[0, 1, 1]


[1, 1]

******************BLOCKING COMPLETED
BLOCK ROWS: 28 of AVG. SIZE: 236.9611111111111
TRUE NONZEROS: 953 FAKE NONZEROS : 2093, with AVG. in-block DENSITY: 0.3128693368351937
PRINTING BLOCK DISTRIBUTION: size -- blocks with that size
1 --> 2
2 --> 2
3 --> 1
4 --> 1
5 --> 1
7 --> 2
9 --> 2
10 --> 1
13 --> 1
14 --> 2
16 --> 1
20 --> 4
21 --> 1
23 --> 1
25 --> 3
27 --> 1
34 --> 1
47 --> 1
