[1, 1]
[1, 1]
[0, 1]
[0, 1]
[0, 1]
[0, 1]


[1, 1]
[0, 1]
[0, 1]
[0, 1]
[0, 1]
[0, 1]


[1, 1]
[0, 1]
[0, 1]
[0, 1]
[0, 1]
[0, 1]


[1, 1]
[0, 1]
[1, 1]
[0, 1]
[0, 1]
[0, 1]


[1, 1]
[1, 1]
[0, 1]
[0, 1]
[0, 1]
[0, 1]


[]
[]
[]
[]
[]
[]


[1, 1, 1]
[0, 0, 1]
[0, 0, 1]
[0, 0, 1]
[0, 0, 1]
[0, 1, 1]


[1, 1, 1]
[0, 1, 1]
[0, 0, 1]
[0, 1, 1]
[0, 0, 1]
[0, 1, 1]


[1, 1, 1, 1, 1, 1]
[0, 0, 0, 0, 1, 1]
[0, 0, 0, 0, 0, 1]
[0, 0, 0, 0, 1, 1]
[0, 0, 0, 0, 0, 1]
[0, 0, 0, 0, 0, 1]


[1, 1, 1, 1, 1]
[0, 0, 0, 1, 1]
[0, 0, 0, 1, 1]
[0, 0, 0, 0, 1]
[0, 0, 0, 1, 1]
[0, 0, 0, 1, 1]


[1, 1, 1, 1]
[0, 0, 1, 1]
[0, 0, 1, 1]
[0, 0, 1, 1]
[0, 0, 1, 1]
[0, 0, 0, 1]


[1, 1, 1, 1]
[0, 0, 1, 1]
[0, 0, 1, 1]
[0, 0, 0, 1]
[0, 0, 0, 1]
[0, 0, 1, 1]


[1, 1, 1]
[1, 1, 1]
[1, 1, 1]
[0, 0, 1]
[0, 0, 1]
[0, 0, 1]


[1, 1, 1]
[0, 1, 1]
[0, 1, 1]
[0, 1, 1]
[0, 0, 1]
[0, 0, 1]


[1, 1, 1]
[0, 0, 1]
[0, 0, 1]
[0, 0, 1]
[0, 0, 1]
[0, 0, 1]


[1, 1, 1]
[0, 1, 1]
[0, 1, 1]
[0, 1, 1]
[1, 1, 1]
[0, 1, 1]


[1, 1, 1, 1]
[0, 1, 1, 1]
[0, 1, 1, 1]
[0, 0, 1, 1]
[0, 0, 1, 1]
[0, 0, 1, 1]


[1, 1, 1]
[0, 1, 1]
[0, 1, 1]
[1, 1, 1]
[0, 0, 1]
[0, 0, 1]


[1, 1, 1]
[0, 1, 1]
[0, 1, 1]
[0, 1, 1]
[0, 0, 1]
[0, 0, 1]


[1, 1, 1]
[0, 1, 1]
[0, 1, 1]
[0, 1, 1]
[0, 1, 1]
[0, 0, 1]


[1, 1, 1]
[0, 1, 1]
[0, 0, 1]
[0, 0, 1]
[0, 0, 1]
[0, 1, 1]


[1, 1, 1, 1]
[0, 0, 1, 1]
[0, 0, 0, 1]
[0, 0, 1, 1]
[0, 0, 0, 1]
[0, 0, 0, 1]


[1, 1, 1]
[0, 1, 1]
[1, 1, 1]
[0, 1, 1]
[0, 1, 1]
[0, 1, 1]


[1, 1]
[1, 1]
[1, 1]
[1, 1]
[0, 1]
[0, 1]


[1, 1, 1]
[0, 1, 1]
[1, 1, 1]
[0, 1, 1]
[0, 0, 1]
[0, 0, 1]


[1, 1, 1]
[0, 1, 1]
[0, 1, 1]
[1, 1, 1]
[0, 1, 1]
[0, 1, 1]


[1, 1, 1]
[0, 1, 1]
[0, 1, 1]
[0, 0, 1]
[0, 0, 1]
[0, 1, 1]


[1, 1, 1]
[0, 0, 1]
[0, 0, 1]
[0, 0, 1]
[0, 0, 1]
[0, 1, 1]


[1, 1, 1]
[0, 1, 1]
[0, 1, 1]
[0, 0, 1]
[1, 1, 1]
[1, 1, 1]


[]
[]
[]
[]
[]
[]


[1, 1, 1]
[0, 1, 1]
[0, 0, 1]
[0, 0, 1]
[0, 1, 1]
[0, 0, 1]


[1, 1, 1]
[0, 1, 1]
[0, 1, 1]
[1, 1, 1]
[0, 0, 1]
[0, 1, 1]


[1, 1]
[1, 1]
[0, 1]
[0, 1]
[0, 1]
[0, 1]


[1, 1, 1]
[0, 1, 1]
[0, 0, 1]
[0, 0, 1]
[0, 1, 1]
[0, 1, 1]


[1, 1, 1]
[0, 1, 1]
[0, 0, 1]
[0, 1, 1]
[0, 0, 1]
[0, 0, 1]


[]
[]
[]
[]
[]
[]


[1, 1, 1]
[0, 1, 1]
[0, 1, 1]
[0, 0, 1]
[0, 0, 1]
[0, 1, 1]


[1, 1, 1]
[0, 0, 1]
[0, 0, 1]
[0, 0, 1]
[0, 0, 1]
[0, 0, 1]


[1, 1, 1, 1]
[0, 1, 1, 1]
[0, 0, 1, 1]
[0, 0, 0, 1]
[0, 0, 1, 1]
[0, 0, 0, 1]


[1, 1, 1]
[0, 1, 1]
[0, 1, 1]
[0, 0, 1]
[0, 1, 1]
[0, 1, 1]


[1, 1, 1]
[1, 1, 1]
[0, 0, 1]
[0, 0, 1]
[0, 0, 1]
[0, 0, 1]


[1, 1, 1, 1, 1, 1]
[0, 0, 0, 1, 1, 1]
[0, 0, 0, 0, 1, 1]
[0, 0, 0, 1, 1, 1]
[0, 0, 0, 0, 1, 1]
[0, 0, 0, 1, 1, 1]


[]
[]
[]
[]
[]
[]


[1, 1, 1]
[1, 1, 1]
[1, 1, 1]
[0, 0, 1]
[0, 1, 1]
[0, 0, 1]


[1, 1, 1, 1]
[0, 0, 1, 1]
[0, 1, 1, 1]
[0, 0, 1, 1]
[0, 0, 1, 1]
[0, 0, 0, 1]


[1, 1, 1, 1]
[0, 1, 1, 1]
[0, 0, 1, 1]
[0, 0, 1, 1]
[0, 0, 1, 1]
[0, 0, 1, 1]


[1, 1, 1]
[0, 0, 1]
[0, 0, 1]
[0, 1, 1]
[0, 0, 1]
[0, 0, 1]


[1, 1, 1]
[0, 0, 1]
[0, 0, 1]
[0, 1, 1]
[0, 1, 1]
[0, 0, 1]


[1, 1, 1]
[0, 1, 1]
[0, 1, 1]
[0, 1, 1]
[0, 1, 1]
[0, 0, 1]


[1, 1, 1, 1, 1]
[0, 0, 1, 1, 1]
[0, 1, 1, 1, 1]
[0, 0, 0, 1, 1]
[0, 0, 1, 1, 1]
[0, 0, 0, 1, 1]


[1, 1, 1, 1]
[0, 0, 1, 1]
[0, 1, 1, 1]
[0, 0, 0, 1]
[0, 0, 0, 1]
[0, 0, 0, 1]


[1, 1]
[1, 1]
[0, 1]
[0, 1]
[0, 1]
[0, 1]


[1, 1, 1]
[0, 1, 1]
[0, 1, 1]
[0, 1, 1]
[0, 0, 1]
[0, 0, 1]


[1, 1, 1]
[1, 1, 1]
[1, 1, 1]
[0, 1, 1]
[0, 0, 1]
[0, 1, 1]


[1, 1, 1]
[0, 1, 1]
[0, 1, 1]
[0, 1, 1]
[0, 0, 1]
[0, 0, 1]


[1, 1, 1]
[0, 0, 1]
[0, 0, 1]
[0, 0, 1]
[0, 0, 1]
[0, 0, 1]


[1, 1, 1, 1, 1]
[0, 0, 1, 1, 1]
[0, 0, 1, 1, 1]
[0, 0, 1, 1, 1]
[0, 0, 0, 1, 1]
[0, 0, 0, 1, 1]


[1, 1, 1]
[0, 0, 0, 1]
[0, 0, 0, 1]
[0, 0, 0, 1]
[0, 0, 0, 1]
[0, 0, 0, 1]


[]
[]
[]
[]
[]
[]


[1, 1, 1, 1]
[0, 1, 1, 1]
[0, 1, 1, 1]
[0, 0, 1, 1]
[0, 0, 1, 1]
[0, 0, 0, 1]


[1, 1]
[1, 1]
[0, 1]
[0, 1]
[0, 0, 1]
[0, 0, 1, 1]


[1, 1, 1]
[1, 1, 1]
[0, 1, 1]
[0, 1, 1]
[0, 1, 1]
[0, 1, 1]


[1, 1, 1, 1]
[0, 0, 1, 1, 1]
[0, 0, 0, 0, 1]
[0, 1, 1, 1, 1]
[0, 0, 1, 1, 1]
[0, 0, 0, 1, 1]


[1, 1, 1]
[0, 1, 1]
[0, 1, 1]
[0, 1, 1]
[0, 0, 1]
[0, 1, 1]


[1, 1, 1, 1, 1]
[0, 0, 1, 1, 1]
[0, 0, 1, 1, 1]
[0, 0, 1, 1, 1]
[0, 0, 0, 1, 1]
[0, 0, 0, 1, 1]


[1, 1, 1, 1]
[0, 1, 1, 1]
[0, 1, 1, 1]
[0, 0, 1, 1]
[0, 0, 1, 1]
[0, 0, 0, 1]


[1, 1]
[1, 1]
[1, 1]
[1, 1]
[0, 1, 1]
[0, 1, 1, 1]


[1, 1, 1]
[0, 1, 1]
[0, 1, 1, 1]
[0, 0, 1, 1, 1]
[0, 0, 0, 1, 1]
[0, 0, 0, 1, 1, 1]


[]
[]
[]
[]
[]
[]


[1, 1, 1, 1, 1]
[0, 0, 1, 1, 1]
[0, 0, 0, 1, 1]
[0, 0, 0, 1, 1, 1]
[0, 0, 0, 0, 0, 1, 1]
[0, 0, 0, 0, 0, 1, 1]


[1, 1, 1]
[0, 0, 1, 1]
[0, 0, 0, 1, 1]
[0, 0, 0, 1, 1]
[0, 0, 1, 1, 1]
[0, 0, 0, 1, 1, 1]


[1, 1, 1]
[0, 0, 1, 1]
[0, 1, 1, 1]
[0, 0, 0, 1, 1]
[0, 0, 0, 1, 1]
[0, 0, 0, 1, 1, 1]


[1, 1, 1, 1]
[0, 0, 1, 1]
[0, 0, 0, 1, 1]
[0, 0, 0, 1, 1, 1]
[0, 0, 0, 0, 1, 1, 1]
[0, 0, 0, 0, 0, 1, 1]


[]
[]
[]
[]
[]
[]


[1, 1, 1]
[1, 1, 1, 1]
[0, 0, 0, 0, 1, 1, 1]
[0, 0, 0, 0, 0, 1, 1, 1]
[0, 0, 0, 0, 0, 0, 1, 1, 1]
[0, 0, 0, 0, 0, 0, 1, 1, 1, 1]


[]
[]
[]
[]
[]
[]


[1, 1, 1]
[0, 1, 1, 1]
[0, 0, 1, 1, 1]
[0, 0, 0, 1, 1, 1]
[0, 0, 0, 0, 1, 1, 1]
[0, 0, 0, 0, 0, 1, 1]


[1, 1, 1]
[0, 1, 1, 1]
[0, 0, 1, 1, 1]
[0, 0, 1, 1, 1]
[0, 0, 1, 1, 1, 1]


[1, 1, 1]
[1, 1, 1, 1, 1]
[0, 0, 0, 1, 1, 1, 1]
[0, 0, 0, 0, 1, 1, 1, 1]


[1, 1, 1]
[0, 1, 1, 1]
[0, 0, 1, 1, 1, 1]


[1, 1, 1, 1]
[0, 1, 1, 1, 1]


[]
[]
[]
[]
[]
[]


[1, 1, 1, 1]


[]
[]
[]
[]
[]
[]


[]
[]
[]
[]
[]
[]


[]
[]
[]
[]
[]

******************BLOCKING COMPLETED
BLOCK ROWS: 74 of AVG. SIZE: 6.756756756756757
TRUE NONZEROS: 901 FAKE NONZEROS : 658, with AVG. in-block DENSITY: 0.5779345734445157
PRINTING BLOCK DISTRIBUTION: size -- blocks with that size
1 --> 1
2 --> 1
3 --> 1
4 --> 1
5 --> 1
6 --> 69
