[1, 1, 1, 1, 1, 1]
[0, 1, 1, 1, 1, 1]
[0, 1, 1, 1, 1, 1]
[1, 1, 1, 1, 1, 1]
[0, 1, 1, 1, 1, 1]
[0, 1, 1, 1, 1, 1]


[1, 1, 1]
[1, 1, 1, 1]
[0, 1, 1, 1]
[0, 1, 1, 1]
[0, 1, 1, 1]
[1, 1, 1, 1]
[0, 1, 1, 1]


[1, 1, 1, 1]
[1, 1, 1, 1, 1]
[0, 1, 1, 1, 1]
[0, 1, 1, 1, 1]
[0, 1, 1, 1, 1]
[0, 1, 1, 1, 1]
[0, 1, 1, 1, 1]


[1, 1, 1, 1, 1]
[0, 1, 1, 1, 1]
[1, 1, 1, 1, 1]
[0, 1, 1, 1, 1]
[0, 1, 1, 1, 1]
[0, 1, 1, 1, 1]
[1, 1, 1, 1, 1]


[1, 1, 1]
[0, 1, 1]
[0, 1, 1]
[1, 1, 1]
[0, 1, 1]
[0, 1, 1]
[1, 1, 1]


[1, 1, 1]
[0, 1, 1]
[1, 1, 1]
[0, 1, 1]
[0, 1, 1]
[0, 1, 1]
[0, 1, 1]


[1, 1, 1]
[1, 1, 1, 1]
[1, 1, 1, 1]
[0, 1, 1, 1]
[0, 1, 1, 1]
[0, 1, 1, 1]
[0, 1, 1, 1]
[1, 1, 1, 1]
[0, 1, 1, 1]


[1]
[1, 1]
[0, 1]
[1, 1]
[0, 1]
[0, 1]
[0, 1]
[0, 1]
[0, 1]
[0, 1]
[1, 1]
[1, 1]
[0, 1]
[0, 1]
[1, 1]
[0, 1]
[0, 1]
[0, 1]
[0, 1]
[0, 1]


[1, 1, 1, 1, 1, 1, 1, 1]
[0, 1, 1, 1, 1, 1, 1, 1]
[0, 1, 1, 1, 1, 1, 1, 1]


[1, 1, 1, 1, 1]
[1, 1, 1, 1, 1, 1]
[0, 1, 1, 1, 1, 1]
[0, 1, 1, 1, 1, 1]
[0, 1, 1, 1, 1, 1]
[0, 1, 1, 1, 1, 1]
[1, 1, 1, 1, 1, 1]
[0, 1, 1, 1, 1, 1]
[0, 1, 1, 1, 1, 1]


[1, 1, 1]
[1, 1, 1, 1]
[0, 1, 1, 1]
[0, 1, 1, 1]
[1, 1, 1, 1]
[0, 1, 1, 1]
[0, 1, 1, 1]
[0, 1, 1, 1]


[1, 1, 1, 1, 1, 1]
[1, 1, 1, 1, 1, 1, 1]
[0, 1, 1, 1, 1, 1, 1]
[0, 1, 1, 1, 1, 1, 1]


[1, 1, 1]
[1, 1, 1, 1]
[1, 1, 1, 1]
[0, 1, 1, 1]
[0, 1, 1, 1]
[0, 1, 1, 1]
[0, 1, 1, 1]
[0, 1, 1, 1]
[0, 1, 1, 1]
[1, 1, 1, 1]
[0, 1, 1, 1]


[1, 1, 1, 1, 1]
[1, 1, 1, 1, 1]
[0, 1, 1, 1, 1]
[1, 1, 1, 1, 1]
[0, 1, 1, 1, 1]
[0, 1, 1, 1, 1]
[0, 1, 1, 1, 1]
[0, 1, 1, 1, 1]
[1, 1, 1, 1, 1]


[1, 1, 1, 1, 1]
[0, 1, 1, 1, 1]
[0, 1, 1, 1, 1]
[0, 1, 1, 1, 1]
[0, 1, 1, 1, 1]
[0, 1, 1, 1, 1]
[0, 1, 1, 1, 1]
[0, 1, 1, 1, 1]


[1, 1]
[1, 1, 1]
[0, 1, 1]
[0, 1, 1]
[0, 1, 1]
[0, 1, 1]
[0, 1, 1]
[0, 1, 1]
[1, 1, 1]
[0, 1, 1]
[1, 1, 1]
[0, 1, 1]
[0, 1, 1]
[0, 1, 1]
[0, 1, 1]
[0, 1, 1]


[1, 1, 1]
[0, 1, 1]
[0, 1, 1]
[0, 1, 1]
[0, 1, 1]
[0, 1, 1]
[0, 1, 1]
[0, 1, 1]
[0, 1, 1]
[0, 1, 1]
[0, 1, 1]
[0, 1, 1]


[1, 1]
[0, 1]
[0, 1]
[0, 1]
[0, 1]
[0, 1]
[0, 1]
[0, 1]


[1, 1, 1, 1, 1]
[1, 1, 1, 1, 1]
[0, 1, 1, 1, 1]
[0, 1, 1, 1, 1]
[1, 1, 1, 1, 1]
[0, 1, 1, 1, 1]
[1, 1, 1, 1, 1]
[0, 1, 1, 1, 1]


[1, 1, 1, 1, 1]
[0, 1, 1, 1, 1]
[0, 1, 1, 1, 1]
[0, 1, 1, 1, 1]
[0, 1, 1, 1, 1]
[0, 1, 1, 1, 1]
[0, 1, 1, 1, 1]
[1, 1, 1, 1, 1]


[1, 1, 1]
[0, 1, 1]
[0, 1, 1]
[0, 1, 1]
[0, 1, 1]
[0, 1, 1]
[0, 1, 1]
[0, 1, 1]
[0, 1, 1]
[0, 1, 1]
[1, 1, 1]


[1]
[1, 1]
[0, 1]
[1, 1]
[1, 1]
[1, 1]
[0, 1]
[1, 1]
[0, 1]
[1, 1]
[1, 1]
[1, 1]
[1, 1]
[0, 1]


[1, 1, 1]
[1, 1, 1, 1]
[0, 1, 1, 1]
[1, 1, 1, 1]
[0, 1, 1, 1]
[0, 1, 1, 1]
[0, 1, 1, 1]
[0, 1, 1, 1]
[0, 1, 1, 1]
[0, 1, 1, 1]


[1, 1, 1, 1, 1, 1]
[0, 1, 1, 1, 1, 1]
[0, 1, 1, 1, 1, 1]
[0, 1, 1, 1, 1, 1]
[0, 1, 1, 1, 1, 1]
[0, 1, 1, 1, 1, 1]
[0, 1, 1, 1, 1, 1]
[1, 1, 1, 1, 1, 1]


[1, 1, 1]
[0, 1, 1]
[0, 1, 1]
[1, 1, 1]
[1, 1, 1]


[1, 1, 1]
[1, 1, 1, 1]
[0, 1, 1, 1]
[0, 1, 1, 1]


[1, 1, 1, 1, 1, 1, 1]
[1, 1, 1, 1, 1, 1, 1]
[0, 1, 1, 1, 1, 1, 1]
[0, 1, 1, 1, 1, 1, 1]
[0, 1, 1, 1, 1, 1, 1]


[1, 1, 1]
[1, 1, 1, 1]
[0, 1, 1, 1]
[0, 1, 1, 1]
[0, 1, 1, 1]
[0, 1, 1, 1]
[0, 1, 1, 1]


[1, 1, 1, 1, 1]
[0, 1, 1, 1, 1]
[0, 1, 1, 1, 1]
[0, 1, 1, 1, 1]
[1, 1, 1, 1, 1]
[0, 1, 1, 1, 1]
[0, 1, 1, 1, 1]
[0, 1, 1, 1, 1]


[1, 1, 1, 1, 1]
[0, 1, 1, 1, 1]
[1, 1, 1, 1, 1]


[1, 1, 1]
[1, 1, 1]
[0, 1, 1]
[0, 1, 1]
[0, 1, 1]
[0, 1, 1]
[0, 1, 1]
[0, 1, 1]
[1, 1, 1]


[1, 1, 1, 1, 1, 1]
[0, 1, 1, 1, 1, 1]
[0, 1, 1, 1, 1, 1]
[0, 1, 1, 1, 1, 1]
[0, 1, 1, 1, 1, 1]
[1, 1, 1, 1, 1, 1]


[1, 1, 1, 1, 1]
[1, 1, 1, 1, 1, 1]
[0, 1, 1, 1, 1, 1]
[1, 1, 1, 1, 1, 1]
[0, 1, 1, 1, 1, 1]


[1, 1, 1, 1]
[0, 1, 1, 1]
[1, 1, 1, 1]
[0, 1, 1, 1]
[0, 1, 1, 1]
[1, 1, 1, 1]
[0, 1, 1, 1]
[0, 1, 1, 1]
[0, 1, 1, 1]
[0, 1, 1, 1]
[0, 1, 1, 1]


[1, 1, 1, 1, 1, 1]
[1, 1, 1, 1, 1, 1, 1]
[0, 1, 1, 1, 1, 1, 1]


[1]
[1, 1]
[0, 1]
[1, 1]
[0, 1]
[0, 1]
[1, 1]
[0, 1]


[1, 1, 1]
[1, 1, 1, 1]
[0, 1, 1, 1]
[1, 1, 1, 1]
[0, 1, 1, 1]
[0, 1, 1, 1]
[0, 1, 1, 1]
[0, 1, 1, 1]


[1, 1, 1, 1, 1, 1]
[0, 1, 1, 1, 1, 1]
[0, 1, 1, 1, 1, 1]
[0, 1, 1, 1, 1, 1]


[1, 1, 1]
[1, 1, 1, 1]


[1, 1, 1, 1]
[0, 1, 1, 1]
[0, 1, 1, 1]
[0, 1, 1, 1]
[1, 1, 1, 1]
[0, 1, 1, 1]
[0, 1, 1, 1]
[0, 1, 1, 1]


[1, 1, 1]
[1, 1, 1, 1]
[0, 1, 1, 1]
[0, 1, 1, 1]
[0, 1, 1, 1]
[0, 1, 1, 1]
[0, 1, 1, 1]
[0, 1, 1, 1]


[1, 1, 1]
[1, 1, 1, 1]
[0, 1, 1, 1]
[1, 1, 1, 1]
[0, 1, 1, 1]
[0, 1, 1, 1]
[0, 1, 1, 1]


[1, 1, 1, 1, 1]
[1, 1, 1, 1, 1, 1]
[0, 1, 1, 1, 1, 1]
[0, 1, 1, 1, 1, 1]
[0, 1, 1, 1, 1, 1]


[1, 1]
[1, 1, 1]
[0, 1, 1]
[0, 1, 1]
[0, 1, 1]
[0, 1, 1]
[0, 1, 1]
[0, 1, 1]
[0, 1, 1]
[0, 1, 1]
[0, 1, 1]
[0, 1, 1]
[0, 1, 1]
[0, 1, 1]
[0, 1, 1]


[1, 1, 1, 1]
[0, 1, 1, 1]
[1, 1, 1, 1]
[0, 1, 1, 1]
[0, 1, 1, 1]
[0, 1, 1, 1]
[0, 1, 1, 1]


[1, 1, 1]
[1, 1, 1]
[0, 1, 1]


[1, 1, 1]
[1, 1, 1, 1]
[0, 1, 1, 1]
[0, 1, 1, 1]
[0, 1, 1, 1]
[0, 1, 1, 1]
[0, 1, 1, 1]
[0, 1, 1, 1]


[1, 1, 1]
[0, 1, 1]
[0, 1, 1]
[0, 1, 1]
[0, 1, 1]
[0, 1, 1]
[0, 1, 1]
[0, 1, 1]
[0, 1, 1]
[0, 1, 1]
[0, 1, 1]
[0, 1, 1]
[0, 1, 1]
[0, 1, 1]


[1, 1, 1, 1, 1, 1, 1]
[0, 1, 1, 1, 1, 1, 1]
[1, 1, 1, 1, 1, 1, 1]


[1, 1, 1]
[1, 1, 1, 1]
[0, 1, 1, 1]
[1, 1, 1, 1]


[1, 1, 1, 1]
[1, 1, 1, 1, 1]
[0, 1, 1, 1, 1]
[1, 1, 1, 1, 1]


[1, 1, 1, 1, 1]
[1, 1, 1, 1, 1]
[0, 1, 1, 1, 1]
[0, 1, 1, 1, 1]
[0, 1, 1, 1, 1]
[0, 1, 1, 1, 1]
[0, 1, 1, 1, 1]
[0, 1, 1, 1, 1]
[0, 1, 1, 1, 1]
[1, 1, 1, 1, 1]
[0, 1, 1, 1, 1]


[1, 1, 1, 1, 1]
[1, 1, 1, 1, 1, 1]
[0, 1, 1, 1, 1, 1]
[0, 1, 1, 1, 1, 1]
[0, 1, 1, 1, 1, 1]
[0, 1, 1, 1, 1, 1]
[0, 1, 1, 1, 1, 1]
[0, 1, 1, 1, 1, 1]
[1, 1, 1, 1, 1, 1]
[0, 1, 1, 1, 1, 1]


[1, 1, 1, 1, 1, 1]
[1, 1, 1, 1, 1, 1, 1]
[0, 1, 1, 1, 1, 1, 1]


[1, 1, 1, 1, 1]
[0, 1, 1, 1, 1]
[0, 1, 1, 1, 1]
[0, 1, 1, 1, 1]


[1, 1, 1, 1, 1, 1]
[1, 1, 1, 1, 1, 1, 1]
[0, 1, 1, 1, 1, 1, 1]


[1, 1, 1]
[1, 1, 1, 1]
[0, 1, 1, 1]
[0, 1, 1, 1]
[0, 1, 1, 1]
[1, 1, 1, 1]


[1, 1, 1, 1, 1]
[1, 1, 1, 1, 1, 1]
[0, 1, 1, 1, 1, 1]
[0, 1, 1, 1, 1, 1]
[0, 1, 1, 1, 1, 1]


[1, 1, 1]
[1, 1, 1, 1]
[0, 1, 1, 1]
[1, 1, 1, 1]
[0, 1, 1, 1]
[0, 1, 1, 1]


[1, 1, 1, 1]
[0, 1, 1, 1]
[0, 1, 1, 1]
[0, 1, 1, 1]
[0, 1, 1, 1]
[0, 1, 1, 1]
[1, 1, 1, 1]
[0, 1, 1, 1]
[0, 1, 1, 1]


[1, 1, 1, 1, 1]
[1, 1, 1, 1, 1, 1]
[0, 1, 1, 1, 1, 1]


[1, 1, 1, 1, 1]
[0, 1, 1, 1, 1]


[1, 1, 1, 1]
[1, 1, 1, 1]
[1, 1, 1, 1]
[0, 1, 1, 1]
[0, 1, 1, 1]
[1, 1, 1, 1]


[1, 1, 1, 1, 1, 1, 1]
[0, 1, 1, 1, 1, 1, 1]


[1, 1, 1, 1, 1, 1]
[1, 1, 1, 1, 1, 1]
[0, 1, 1, 1, 1, 1]
[0, 1, 1, 1, 1, 1]


[1, 1, 1]
[0, 1, 1]
[0, 1, 1]
[0, 1, 1]
[0, 1, 1]
[0, 1, 1]
[0, 1, 1]
[0, 1, 1]
[0, 1, 1]
[0, 1, 1]


[]
[]
[]
[]
[]
[]


[1, 1, 1, 1, 1]
[1, 1, 1, 1, 1]
[0, 1, 1, 1, 1]


[1, 1, 1]
[1, 1, 1, 1]
[1, 1, 1, 1]
[0, 1, 1, 1]
[0, 1, 1, 1]
[0, 1, 1, 1]
[1, 1, 1, 1]
[0, 1, 1, 1]


[1, 1, 1, 1]
[1, 1, 1, 1]
[0, 1, 1, 1]


[1, 1, 1, 1]
[1, 1, 1, 1, 1]
[0, 1, 1, 1, 1]
[1, 1, 1, 1, 1]
[0, 1, 1, 1, 1]
[0, 1, 1, 1, 1]
[0, 1, 1, 1, 1]
[1, 1, 1, 1, 1]


[1, 1, 1]
[1, 1, 1, 1]
[0, 1, 1, 1]
[0, 1, 1, 1]
[1, 1, 1, 1]
[0, 1, 1, 1]
[0, 1, 1, 1]


[1, 1, 1, 1, 1]
[0, 1, 1, 1, 1]
[0, 1, 1, 1, 1]
[1, 1, 1, 1, 1]
[0, 1, 1, 1, 1]
[0, 1, 1, 1, 1]


[1, 1]
[1, 1, 1]
[0, 1, 1]
[1, 1, 1]
[0, 1, 1]
[1, 1, 1]
[0, 1, 1]


[1, 1, 1, 1]
[0, 1, 1, 1]
[0, 1, 1, 1]
[0, 1, 1, 1]
[1, 1, 1, 1]


[1, 1, 1, 1, 1]
[1, 1, 1, 1, 1]


[1, 1, 1, 1, 1, 1]
[1, 1, 1, 1, 1, 1, 1]


[1, 1, 1, 1, 1]
[0, 1, 1, 1, 1]
[1, 1, 1, 1, 1]
[0, 1, 1, 1, 1]


[1, 1, 1, 1, 1, 1, 1]
[0, 1, 1, 1, 1, 1, 1]
[0, 1, 1, 1, 1, 1, 1]
[0, 1, 1, 1, 1, 1, 1]


[1, 1, 1, 1, 1, 1]
[0, 1, 1, 1, 1, 1]
[0, 1, 1, 1, 1, 1]
[1, 1, 1, 1, 1, 1]
[0, 1, 1, 1, 1, 1]
[0, 1, 1, 1, 1, 1]
[0, 1, 1, 1, 1, 1]
[0, 1, 1, 1, 1, 1]
[1, 1, 1, 1, 1, 1]


[1, 1, 1, 1]
[1, 1, 1, 1]


[1, 1, 1, 1, 1, 1, 1, 1]
[0, 1, 1, 1, 1, 1, 1, 1]
[0, 1, 1, 1, 1, 1, 1, 1]
[0, 1, 1, 1, 1, 1, 1, 1]


[1, 1, 1, 1, 1, 1, 1]
[0, 1, 1, 1, 1, 1, 1]
[1, 1, 1, 1, 1, 1, 1]


[1]
[1, 1]
[0, 1]
[0, 1]


[1, 1, 1, 1]
[0, 1, 1, 1]
[0, 1, 1, 1]
[1, 1, 1, 1]


[1, 1, 1]
[1, 1, 1]
[1, 1, 1]


[1, 1, 1, 1, 1]
[0, 1, 1, 1, 1]
[0, 1, 1, 1, 1]
[0, 1, 1, 1, 1]
[0, 1, 1, 1, 1]
[0, 1, 1, 1, 1]


[1, 1, 1, 1]
[0, 1, 1, 1]
[0, 1, 1, 1]
[0, 1, 1, 1]
[1, 1, 1, 1]
[0, 1, 1, 1]
[0, 1, 1, 1]
[1, 1, 1, 1]
[1, 1, 1, 1]


[1, 1, 1, 1, 1]
[1, 1, 1, 1, 1, 1]
[0, 1, 1, 1, 1, 1]
[0, 1, 1, 1, 1, 1]
[0, 1, 1, 1, 1, 1]
[0, 1, 1, 1, 1, 1]


[1, 1, 1]
[1, 1, 1, 1]
[1, 1, 1, 1]
[0, 1, 1, 1]


[1, 1, 1]
[1, 1, 1, 1]
[0, 1, 1, 1]
[1, 1, 1, 1]
[0, 1, 1, 1]
[0, 1, 1, 1]
[0, 1, 1, 1]
[0, 1, 1, 1]


[1, 1, 1, 1, 1]
[1, 1, 1, 1, 1, 1]
[0, 1, 1, 1, 1, 1]
[0, 1, 1, 1, 1, 1]


[1, 1, 1]
[1, 1, 1, 1]
[0, 1, 1, 1]


[1, 1, 1, 1, 1]
[0, 1, 1, 1, 1]
[0, 1, 1, 1, 1]
[0, 1, 1, 1, 1]
[0, 1, 1, 1, 1]
[0, 1, 1, 1, 1]
[0, 1, 1, 1, 1]


[1, 1, 1]
[1, 1, 1]


[1, 1, 1, 1, 1, 1]
[0, 1, 1, 1, 1, 1]
[0, 1, 1, 1, 1, 1]
[0, 1, 1, 1, 1, 1]
[0, 1, 1, 1, 1, 1]
[0, 1, 1, 1, 1, 1]


[1, 1, 1, 1]
[1, 1, 1, 1]


[1, 1, 1, 1, 1]
[0, 1, 1, 1, 1]
[0, 1, 1, 1, 1]
[0, 1, 1, 1, 1]


[1, 1, 1, 1]
[0, 1, 1, 1]
[0, 1, 1, 1]


[1, 1, 1, 1]
[0, 1, 1, 1]
[0, 1, 1, 1]


[1, 1, 1, 1]
[0, 1, 1, 1]
[0, 1, 1, 1]
[1, 1, 1, 1]
[0, 1, 1, 1]


[1, 1, 1, 1, 1, 1]
[1, 1, 1, 1, 1, 1, 1]
[0, 1, 1, 1, 1, 1, 1]
[0, 1, 1, 1, 1, 1, 1]
[0, 1, 1, 1, 1, 1, 1]


[1, 1, 1, 1, 1]
[0, 1, 1, 1, 1]
[1, 1, 1, 1, 1]
[1, 1, 1, 1, 1]
[1, 1, 1, 1, 1]
[0, 1, 1, 1, 1]


[1, 1, 1, 1, 1, 1, 1]
[0, 1, 1, 1, 1, 1, 1]
[0, 1, 1, 1, 1, 1, 1]
[0, 1, 1, 1, 1, 1, 1]


[1, 1, 1, 1, 1, 1, 1]
[1, 1, 1, 1, 1, 1, 1, 1]
[0, 1, 1, 1, 1, 1, 1, 1]


[1, 1, 1, 1, 1, 1]
[0, 1, 1, 1, 1, 1]
[0, 1, 1, 1, 1, 1]


[1, 1, 1, 1]
[1, 1, 1, 1]


[1, 1, 1, 1, 1]
[0, 1, 1, 1, 1]
[0, 1, 1, 1, 1]
[0, 1, 1, 1, 1]
[0, 1, 1, 1, 1]


[1, 1]
[1, 1]
[1, 1]


[1, 1, 1, 1]
[1, 1, 1, 1]
[1, 1, 1, 1]
[0, 1, 1, 1]


[1, 1, 1, 1, 1, 1]
[0, 1, 1, 1, 1, 1]
[0, 1, 1, 1, 1, 1]
[0, 1, 1, 1, 1, 1]
[0, 1, 1, 1, 1, 1]


[1, 1, 1, 1, 1]
[0, 1, 1, 1, 1]
[0, 1, 1, 1, 1]
[1, 1, 1, 1, 1]


[1, 1, 1, 1, 1, 1]
[0, 1, 1, 1, 1, 1]
[0, 1, 1, 1, 1, 1]
[0, 1, 1, 1, 1, 1]
[0, 1, 1, 1, 1, 1]
[0, 1, 1, 1, 1, 1]


[1, 1, 1, 1]
[0, 1, 1, 1]
[0, 1, 1, 1]
[0, 1, 1, 1]


[1, 1, 1, 1, 1, 1]
[1, 1, 1, 1, 1, 1, 1]
[0, 1, 1, 1, 1, 1, 1]
[0, 1, 1, 1, 1, 1, 1]
[0, 1, 1, 1, 1, 1, 1]


[1, 1, 1, 1, 1]
[1, 1, 1, 1, 1]
[0, 1, 1, 1, 1]


[1, 1, 1, 1, 1]
[1, 1, 1, 1, 1, 1]
[0, 1, 1, 1, 1, 1]
[0, 1, 1, 1, 1, 1]
[1, 1, 1, 1, 1, 1]
[0, 1, 1, 1, 1, 1]
[0, 1, 1, 1, 1, 1]


[1, 1]
[1, 1]
[0, 1]
[0, 1]
[1, 1]
[0, 1]
[1, 1]


[1, 1]
[1, 1, 1]
[1, 1, 1]
[1, 1, 1]
[1, 1, 1]


[1, 1, 1, 1, 1, 1, 1]


[1, 1, 1]
[1, 1, 1, 1]
[1, 1, 1, 1]
[1, 1, 1, 1]
[0, 1, 1, 1]


[1, 1, 1, 1, 1, 1]
[0, 1, 1, 1, 1, 1]
[0, 1, 1, 1, 1, 1]
[0, 1, 1, 1, 1, 1]


[1, 1, 1, 1, 1, 1]
[0, 1, 1, 1, 1, 1]
[0, 1, 1, 1, 1, 1]


[1, 1, 1, 1]


[1, 1, 1, 1, 1, 1]
[1, 1, 1, 1, 1, 1, 1]
[1, 1, 1, 1, 1, 1, 1]


[1, 1, 1, 1]
[1, 1, 1, 1, 1]
[0, 1, 1, 1, 1]


[1, 1, 1, 1, 1, 1]
[0, 1, 1, 1, 1, 1]
[0, 1, 1, 1, 1, 1]
[0, 1, 1, 1, 1, 1]


[1, 1, 1, 1]
[1, 1, 1, 1, 1]
[0, 1, 1, 1, 1]
[1, 1, 1, 1, 1]
[1, 1, 1, 1, 1]


[1, 1, 1, 1]
[0, 1, 1, 1]
[0, 1, 1, 1]
[0, 1, 1, 1]


[1, 1, 1, 1]
[1, 1, 1, 1]
[1, 1, 1, 1]


[1, 1, 1, 1, 1]
[1, 1, 1, 1, 1, 1]
[0, 1, 1, 1, 1, 1]
[0, 1, 1, 1, 1, 1]


[1, 1, 1, 1, 1]
[1, 1, 1, 1, 1, 1]


[1, 1, 1, 1, 1]
[1, 1, 1, 1, 1, 1]
[0, 1, 1, 1, 1, 1]


[1, 1, 1, 1]
[1, 1, 1, 1, 1]
[0, 1, 1, 1, 1]


[1, 1, 1]
[1, 1, 1, 1]
[1, 1, 1, 1]
[0, 1, 1, 1]


[1, 1, 1]
[1, 1, 1]
[1, 1, 1]
[0, 1, 1]


[1, 1, 1, 1]
[1, 1, 1, 1, 1]
[0, 1, 1, 1, 1]


[1, 1, 1, 1, 1, 1, 1]
[1, 1, 1, 1, 1, 1, 1, 1]


[1, 1, 1, 1, 1]
[1, 1, 1, 1, 1, 1]
[0, 1, 1, 1, 1, 1]
[0, 1, 1, 1, 1, 1]
[0, 1, 1, 1, 1, 1]


[1, 1, 1, 1, 1, 1]
[0, 1, 1, 1, 1, 1]


[1, 1, 1, 1, 1]
[0, 1, 1, 1, 1]
[0, 1, 1, 1, 1]
[0, 1, 1, 1, 1]
[0, 1, 1, 1, 1]
[1, 1, 1, 1, 1]


[1, 1, 1, 1]
[1, 1, 1, 1]


[1, 1, 1, 1]
[1, 1, 1, 1]
[1, 1, 1, 1]


[1, 1, 1]
[1, 1, 1]
[0, 1, 1]
[1, 1, 1]
[0, 1, 1]
[0, 1, 1]
[1, 1, 1]
[0, 1, 1]
[0, 1, 1]
[0, 1, 1]


[1, 1, 1, 1, 1, 1]
[1, 1, 1, 1, 1, 1, 1]
[1, 1, 1, 1, 1, 1, 1]
[0, 1, 1, 1, 1, 1, 1]


[1, 1, 1, 1, 1]
[0, 1, 1, 1, 1]
[1, 1, 1, 1, 1]
[0, 1, 1, 1, 1]
[1, 1, 1, 1, 1]
[1, 1, 1, 1, 1]
[1, 1, 1, 1, 1]


[1, 1, 1, 1]


[1, 1, 1, 1]
[1, 1, 1, 1, 1]


[1, 1, 1, 1]
[1, 1, 1, 1]
[1, 1, 1, 1]
[0, 1, 1, 1]
[0, 1, 1, 1]


[1, 1, 1, 1, 1]
[1, 1, 1, 1, 1]


[1, 1, 1, 1, 1, 1, 1]
[0, 1, 1, 1, 1, 1, 1]


[1, 1, 1, 1]
[1, 1, 1, 1, 1]
[0, 1, 1, 1, 1]
[0, 1, 1, 1, 1]


[1, 1, 1, 1, 1, 1, 1]
[0, 1, 1, 1, 1, 1, 1]
[0, 1, 1, 1, 1, 1, 1]
[0, 1, 1, 1, 1, 1, 1]


[1, 1, 1, 1]
[1, 1, 1, 1]


[1, 1, 1, 1, 1]
[0, 1, 1, 1, 1]
[0, 1, 1, 1, 1]
[1, 1, 1, 1, 1]


[1, 1, 1, 1, 1, 1, 1]


[1, 1, 1, 1, 1]


[1, 1, 1, 1]
[1, 1, 1, 1]
[1, 1, 1, 1]
[1, 1, 1, 1]


[1, 1]
[1, 1]
[1, 1]
[1, 1]


[1, 1, 1, 1]


[1, 1, 1, 1, 1]
[1, 1, 1, 1, 1]
[1, 1, 1, 1, 1]


[1]
[1, 1]
[0, 1]
[0, 1]


[1, 1, 1, 1]
[1, 1, 1, 1]
[0, 1, 1, 1]
[0, 1, 1, 1]
[0, 1, 1, 1]


[1, 1, 1, 1, 1]
[1, 1, 1, 1, 1, 1]
[1, 1, 1, 1, 1, 1]
[0, 1, 1, 1, 1, 1]
[0, 1, 1, 1, 1, 1]
[0, 1, 1, 1, 1, 1]


[1, 1, 1, 1]
[1, 1, 1, 1]


[1, 1, 1, 1]


[1, 1, 1, 1, 1]
[0, 1, 1, 1, 1]
[1, 1, 1, 1, 1]


[1, 1, 1, 1, 1]
[1, 1, 1, 1, 1]


[1, 1, 1, 1]


[1, 1, 1, 1]
[0, 1, 1, 1]
[0, 1, 1, 1]
[1, 1, 1, 1]
[1, 1, 1, 1]


[1, 1, 1, 1]
[1, 1, 1, 1, 1]
[1, 1, 1, 1, 1]


[1, 1]
[1, 1]


[1, 1, 1, 1, 1, 1, 1]
[1, 1, 1, 1, 1, 1, 1]
[0, 1, 1, 1, 1, 1, 1]
[0, 1, 1, 1, 1, 1, 1]
[1, 1, 1, 1, 1, 1, 1]
[1, 1, 1, 1, 1, 1, 1]


[1, 1, 1, 1, 1, 1]


[1, 1, 1, 1, 1, 1]


[1, 1, 1, 1]
[1, 1, 1, 1, 1]
[0, 1, 1, 1, 1]


[1, 1, 1, 1, 1, 1, 1]
[1, 1, 1, 1, 1, 1, 1]


[1, 1, 1, 1, 1, 1, 1]
[0, 1, 1, 1, 1, 1, 1]
[0, 1, 1, 1, 1, 1, 1]


[1, 1, 1, 1, 1, 1]
[1, 1, 1, 1, 1, 1, 1]
[0, 1, 1, 1, 1, 1, 1]


[1, 1, 1, 1, 1]


[1, 1, 1, 1, 1]
[0, 1, 1, 1, 1]
[0, 1, 1, 1, 1]


[1, 1, 1, 1, 1, 1]
[1, 1, 1, 1, 1, 1, 1]


[1, 1, 1, 1]
[1, 1, 1, 1, 1]
[0, 1, 1, 1, 1]


[1, 1, 1, 1]
[1, 1, 1, 1, 1]
[0, 1, 1, 1, 1]
[0, 1, 1, 1, 1]
[0, 1, 1, 1, 1]


[1, 1, 1, 1, 1, 1]
[1, 1, 1, 1, 1, 1, 1]
[0, 1, 1, 1, 1, 1, 1]
[0, 1, 1, 1, 1, 1, 1]


[1, 1, 1, 1, 1, 1, 1]


[1, 1, 1, 1, 1]


[1, 1, 1, 1, 1, 1]


[1, 1, 1, 1, 1, 1, 1]


[1, 1, 1, 1]


[1, 1]
[1, 1]


[1, 1, 1, 1, 1, 1]


[1, 1, 1, 1]
[1, 1, 1, 1, 1]


[1, 1, 1, 1, 1]
[1, 1, 1, 1, 1]


[1, 1, 1]


[1, 1, 1, 1, 1]
[1, 1, 1, 1, 1, 1]


[1, 1, 1, 1, 1]
[1, 1, 1, 1, 1]
[1, 1, 1, 1, 1]
[0, 1, 1, 1, 1]


[1, 1, 1, 1, 1, 1]


[1, 1, 1, 1, 1, 1]
[0, 1, 1, 1, 1, 1]


[1, 1, 1, 1, 1, 1, 1]


[1, 1, 1, 1, 1, 1]
[1, 1, 1, 1, 1, 1]
[1, 1, 1, 1, 1, 1]


[1, 1, 1, 1]


[1, 1, 1, 1, 1]
[1, 1, 1, 1, 1]
[1, 1, 1, 1, 1]


[1, 1, 1, 1, 1, 1, 1]


[1, 1]
[1, 1]


[1, 1, 1, 1, 1]


[1, 1, 1, 1]
[1, 1, 1, 1, 1]


[1, 1, 1, 1]
[1, 1, 1, 1, 1]


[1, 1, 1, 1, 1, 1, 1]


[1, 1, 1, 1, 1, 1, 1]


[1, 1, 1, 1]


[1, 1, 1, 1]


[1, 1, 1, 1, 1]
[1, 1, 1, 1, 1]
[0, 1, 1, 1, 1]


[1, 1, 1, 1, 1]
[1, 1, 1, 1, 1, 1]


[1, 1, 1, 1]
[0, 1, 1, 1]
[0, 1, 1, 1]


[1, 1, 1, 1]


[1, 1, 1, 1, 1, 1]
[1, 1, 1, 1, 1, 1]


[1, 1, 1, 1, 1, 1, 1]


[1, 1, 1, 1, 1]


[1, 1, 1, 1, 1, 1, 1]


[1, 1, 1, 1, 1]
[0, 1, 1, 1, 1]


[1, 1]


[1, 1, 1, 1]
[1, 1, 1, 1]


[1, 1, 1, 1, 1]


[1, 1, 1, 1, 1]
[1, 1, 1, 1, 1]


[1, 1, 1, 1, 1, 1, 1]


[1, 1, 1]


[1, 1, 1, 1, 1]

******************BLOCKING COMPLETED
BLOCK ROWS: 227 of AVG. SIZE: 4.075336322869955
TRUE NONZEROS: 3951 FAKE NONZEROS : 593, with AVG. in-block DENSITY: 0.8694982394366197
PRINTING BLOCK DISTRIBUTION: size -- blocks with that size
1 --> 36
2 --> 35
3 --> 39
4 --> 34
5 --> 19
6 --> 14
7 --> 14
8 --> 15
9 --> 7
10 --> 4
11 --> 4
12 --> 1
14 --> 2
15 --> 1
16 --> 1
20 --> 1
