[1, 1, 1, 1]
[0, 0, 1, 1, 1]
[0, 0, 1, 1, 1, 1, 1, 1]
[0, 0, 0, 0, 1, 1, 1, 1, 1, 1]
[0, 0, 0, 0, 1, 1, 1, 1, 1, 1, 1]


[1, 1, 1, 1]
[0, 0, 1, 1, 1]
[0, 0, 1, 1, 1, 1, 1]
[0, 0, 0, 1, 1, 1, 1, 1]


[1, 1, 1, 1, 1, 1]
[0, 0, 0, 1, 1, 1, 1]
[0, 0, 0, 0, 1, 1, 1]
[0, 0, 0, 1, 1, 1, 1, 1, 1, 1, 1, 1]


[1, 1, 1, 1, 1, 1, 1, 1]
[0, 0, 0, 0, 0, 1, 1, 1]
[0, 0, 0, 0, 1, 1, 1, 1, 1, 1]
[0, 0, 0, 0, 0, 1, 1, 1, 1, 1, 1, 1]


[1, 1, 1, 1, 1]
[0, 1, 1, 1, 1, 1, 1]
[0, 0, 1, 1, 1, 1, 1, 1]
[0, 0, 0, 0, 1, 1, 1, 1, 1, 1]
[0, 0, 0, 0, 1, 1, 1, 1, 1, 1, 1]


[1, 1, 1, 1, 1]
[0, 0, 1, 1, 1, 1]
[0, 0, 0, 1, 1, 1, 1, 1]
[0, 0, 0, 0, 1, 1, 1, 1, 1]
[0, 0, 0, 0, 1, 1, 1, 1, 1, 1]
[0, 0, 0, 0, 0, 1, 1, 1, 1, 1]
[0, 0, 0, 0, 0, 1, 1, 1, 1, 1, 1]


[1, 1, 1]
[0, 1, 1, 1]
[0, 0, 1, 1, 1]
[0, 0, 1, 1, 1, 1, 1]


[1, 1, 1]
[0, 1, 1, 1, 1]


[1, 1, 1, 1, 1, 1]
[0, 0, 0, 1, 1, 1, 1]
[0, 0, 0, 0, 1, 1, 1]
[0, 0, 0, 1, 1, 1, 1, 1]
[0, 0, 0, 0, 1, 1, 1, 1, 1]


[1, 1]
[0, 1]
[0, 1]


[1, 1]
[0, 1]
[1, 1, 1, 1]
[0, 1, 1, 1]


[1, 1, 1]
[0, 1, 1, 1, 1]
[0, 0, 1, 1, 1, 1, 1]
[0, 0, 0, 1, 1, 1, 1, 1]


[1, 1, 1, 1, 1, 1]
[0, 0, 0, 1, 1, 1]
[0, 0, 0, 1, 1, 1, 1, 1]
[0, 0, 0, 0, 1, 1, 1, 1, 1, 1]
[0, 0, 0, 0, 0, 1, 1, 1, 1, 1, 1]


[1, 1, 1]
[1, 1, 1, 1, 1, 1]
[0, 0, 0, 1, 1, 1, 1, 1]


[1, 1, 1, 1]
[0, 1, 1, 1, 1]
[0, 0, 1, 1, 1, 1, 1]


[1, 1]
[1, 1, 1, 1]
[0, 0, 1, 1, 1]
[0, 0, 1, 1, 1, 1, 1, 1, 1]


[1, 1, 1, 1, 1]
[0, 0, 1, 1, 1, 1, 1]
[0, 0, 0, 1, 1, 1, 1, 1, 1, 1, 1]


[1, 1, 1]
[0, 1, 1, 1, 1]
[0, 0, 1, 1, 1, 1]
[0, 0, 0, 1, 1, 1, 1]


[1, 1, 1, 1, 1, 1, 1]
[0, 0, 1, 1, 1, 1, 1, 1]


[1, 1, 1]
[0, 1, 1, 1, 1]
[0, 1, 1, 1, 1]
[0, 0, 1, 1, 1, 1, 1]


[1, 1, 1, 1]
[0, 1, 1, 1, 1, 1]
[0, 0, 0, 1, 1, 1, 1, 1]


[1]
[1, 1]
[1, 1, 1, 1, 1]


[1, 1]
[1, 1, 1]
[0, 1, 1, 1, 1]
[0, 1, 1, 1, 1, 1]


[1]
[1, 1]


[1, 1]
[0, 1]
[1, 1, 1]
[0, 1, 1]
[0, 1, 1, 1, 1, 1, 1]


[1, 1, 1, 1]
[0, 0, 1, 1, 1]
[0, 0, 1, 1, 1, 1]


[1]
[1, 1]
[1, 1, 1, 1]
[0, 1, 1, 1]
[0, 0, 1, 1, 1]
[0, 0, 1, 1, 1, 1, 1, 1]


[1, 1, 1, 1]
[0, 0, 1, 1, 1]
[0, 1, 1, 1, 1, 1, 1, 1, 1, 1]


[1, 1, 1]
[0, 1, 1, 1, 1]


[1, 1]


[1, 1, 1]
[0, 1, 1, 1]
[0, 0, 1, 1, 1]


[1, 1, 1]
[0, 1, 1, 1, 1]
[0, 0, 1, 1, 1, 1]
[0, 0, 0, 1, 1, 1, 1]


[1, 1, 1, 1]


[1, 1]


[1, 1]
[1, 1, 1, 1]
[0, 0, 1, 1]
[0, 0, 1, 1]
[0, 0, 1, 1, 1]
[0, 0, 1, 1, 1, 1, 1]


[]
[]
[]
[]


[1, 1]
[1, 1, 1]
[0, 1, 1, 1, 1]


[1, 1, 1, 1]
[0, 0, 1, 1]


[1]
[1]


[1, 1, 1]
[0, 1, 1, 1, 1]
[0, 0, 1, 1, 1, 1]


[1, 1, 1, 1]


[1, 1, 1, 1]
[0, 0, 1, 1, 1]


[1, 1, 1]
[0, 1, 1, 1, 1]


[1, 1]
[1, 1, 1]
[0, 1, 1, 1, 1, 1]
[0, 0, 0, 1, 1, 1, 1]


[1, 1, 1]
[0, 1, 1, 1]


[1, 1]
[0, 1]
[1, 1, 1, 1]
[0, 1, 1, 1, 1, 1]


[1, 1]
[1, 1, 1]
[0, 1, 1, 1, 1, 1]


[1, 1, 1]
[0, 1, 1, 1]
[0, 0, 1, 1, 1]


[1, 1, 1, 1]
[0, 0, 1, 1, 1]


[1]


[1, 1, 1]
[0, 1, 1, 1]
[0, 0, 1, 1, 1]


[1, 1]
[1, 1, 1, 1, 1]


[1, 1, 1]


[1, 1]
[1, 1, 1, 1]


[1, 1]


[1, 1]
[1, 1, 1, 1, 1]
[0, 0, 1, 1, 1, 1]


[1, 1, 1, 1, 1]


[1, 1, 1]


[1, 1]
[1, 1, 1]
[0, 1, 1, 1, 1, 1]


[1, 1]
[0, 1]


[1, 1, 1]
[0, 1, 1, 1, 1]


[1, 1, 1]
[0, 1, 1, 1]


[1, 1, 1, 1]


[1, 1, 1, 1]
[0, 0, 1, 1, 1]


[1, 1, 1]


[1, 1, 1, 1, 1]


[1, 1]


[1, 1]


[1, 1, 1, 1]


[1, 1, 1, 1]


[1]


[1, 1, 1, 1, 1]


[1, 1, 1]


[1]

******************BLOCKING COMPLETED
BLOCK ROWS: 73 of AVG. SIZE: 3.241975308641975
TRUE NONZEROS: 735 FAKE NONZEROS : 396, with AVG. in-block DENSITY: 0.649867374005305
PRINTING BLOCK DISTRIBUTION: size -- blocks with that size
1 --> 20
2 --> 16
3 --> 16
4 --> 13
5 --> 5
6 --> 2
7 --> 1
