[1, 1, 1, 1]
[0, 0, 1, 1, 1, 1, 1]
[0, 0, 0, 1, 1, 1, 1, 1]
[0, 0, 0, 0, 0, 1, 1, 1, 1]
[0, 0, 0, 0, 0, 0, 1, 1, 1, 1, 1]
[0, 0, 0, 0, 0, 0, 0, 0, 1, 1, 1]
[0, 0, 0, 0, 0, 0, 0, 0, 1, 1, 1]
[0, 0, 0, 0, 0, 0, 1, 1, 1, 1, 1, 1, 1]
[0, 0, 0, 0, 0, 0, 0, 0, 0, 1, 1, 1, 1]
[0, 0, 0, 0, 0, 0, 0, 0, 0, 1, 1, 1, 1, 1, 1]
[0, 0, 0, 0, 0, 0, 0, 0, 0, 0, 0, 1, 1, 1, 1]
[0, 0, 0, 0, 0, 0, 0, 0, 0, 1, 1, 1, 1, 1, 1, 1, 1, 1]
[0, 0, 0, 0, 0, 0, 0, 0, 0, 0, 0, 0, 1, 1, 1, 1, 1, 1, 1]
[0, 0, 0, 0, 0, 0, 0, 0, 0, 0, 0, 0, 0, 0, 1, 1, 1, 1, 1]
[0, 0, 0, 0, 0, 0, 0, 0, 0, 0, 0, 0, 0, 0, 1, 1, 1, 1, 1]
[0, 0, 0, 0, 0, 0, 0, 0, 0, 0, 0, 0, 1, 1, 1, 1, 1, 1, 1]
[0, 0, 0, 0, 0, 0, 0, 0, 0, 0, 0, 0, 0, 1, 1, 1, 1, 1, 1]
[0, 0, 0, 0, 0, 0, 0, 0, 0, 0, 0, 0, 1, 1, 1, 1, 1, 1, 1]
[0, 0, 0, 0, 0, 0, 0, 0, 0, 0, 0, 0, 0, 0, 1, 1, 1, 1, 1]
[0, 0, 0, 0, 0, 0, 0, 0, 0, 0, 0, 0, 0, 0, 1, 1, 1, 1, 1]


[1, 1, 1, 1, 1]
[0, 0, 0, 1, 1, 1]
[0, 0, 0, 1, 1, 1, 1, 1, 1, 1]
[0, 0, 0, 0, 0, 0, 1, 1, 1, 1, 1, 1]
[0, 0, 0, 0, 0, 0, 0, 0, 1, 1, 1, 1, 1]
[0, 0, 0, 0, 0, 0, 0, 0, 0, 1, 1, 1, 1]
[0, 0, 0, 0, 0, 0, 0, 0, 0, 1, 1, 1, 1]
[0, 0, 0, 0, 0, 0, 0, 0, 0, 1, 1, 1, 1, 1]
[0, 0, 0, 0, 0, 0, 0, 0, 0, 0, 1, 1, 1, 1, 1]
[0, 0, 0, 0, 0, 0, 0, 0, 0, 0, 0, 1, 1, 1, 1]


[1, 1, 1, 1, 1]
[0, 0, 1, 1, 1, 1, 1]
[0, 0, 0, 0, 1, 1, 1]
[0, 0, 0, 0, 1, 1, 1, 1, 1]
[0, 0, 0, 0, 0, 0, 1, 1, 1]
[0, 0, 0, 0, 0, 0, 1, 1, 1]
[0, 0, 0, 0, 0, 0, 1, 1, 1, 1]


[1, 1, 1]
[0, 1, 1, 1]
[0, 0, 1, 1, 1]
[0, 0, 0, 1, 1, 1]
[0, 0, 0, 0, 1, 1, 1]
[0, 0, 0, 1, 1, 1, 1]
[0, 0, 0, 0, 0, 1, 1]
[0, 0, 0, 0, 1, 1, 1, 1, 1]
[0, 0, 0, 0, 0, 0, 1, 1, 1, 1, 1]


[1, 1]
[0, 1, 1]
[0, 0, 1]


[1, 1]
[0, 1]
[1, 1]
[0, 1, 1]
[1, 1, 1, 1, 1]
[0, 0, 0, 1, 1, 1]
[0, 0, 0, 1, 1, 1]
[0, 0, 0, 0, 1, 1, 1]
[0, 0, 0, 0, 0, 1, 1]


[1, 1, 1, 1]
[1, 1, 1, 1, 1]
[0, 0, 0, 1, 1, 1, 1]
[0, 0, 0, 0, 1, 1, 1, 1]


[1, 1, 1]
[0, 1, 1, 1, 1]
[0, 0, 0, 1, 1, 1, 1]
[0, 0, 0, 0, 1, 1, 1, 1]


[1, 1, 1, 1]
[0, 0, 1, 1, 1, 1, 1]
[0, 0, 0, 0, 1, 1, 1, 1]
[0, 0, 0, 0, 1, 1, 1, 1, 1]
[0, 0, 0, 0, 0, 0, 1, 1, 1, 1]


[1, 1]
[0, 1, 1]


[1]
[1, 1]


[1, 1, 1, 1]
[0, 0, 1, 1, 1, 1]
[0, 0, 0, 0, 1, 1, 1]
[0, 0, 0, 0, 0, 1, 1]


[1, 1]
[0, 1, 1]


[1, 1, 1, 1]
[0, 0, 1, 1, 1]


[1, 1]
[1, 1]
[1, 1, 1, 1]


[1]
[1, 1, 1]


[1]


[1, 1, 1, 1, 1]
[0, 0, 0, 1, 1, 1, 1]


[1]


[1]


[1]
[1, 1, 1]


[1, 1]


[1, 1]


[1, 1, 1]


[1, 1, 1, 1]


[1]

******************BLOCKING COMPLETED
BLOCK ROWS: 26 of AVG. SIZE: 6.937062937062937
TRUE NONZEROS: 366 FAKE NONZEROS : 448, with AVG. in-block DENSITY: 0.44963144963144963
PRINTING BLOCK DISTRIBUTION: size -- blocks with that size
1 --> 8
2 --> 7
3 --> 2
4 --> 3
5 --> 1
7 --> 1
9 --> 2
10 --> 1
20 --> 1
