[1, 1]
[1, 1, 1]


[1, 1, 1]


[1, 1]


[1, 1, 1, 1]


[1, 1, 1, 1]


[1, 1, 1, 1]


[1, 1, 1, 1]


[1, 1]


[1, 1, 1]


[1, 1, 1, 1, 1]
[1, 1, 1, 1, 1, 1, 1]


[]
[]


[1, 1, 1]


[1, 1, 1]


[1, 1, 1, 1]
[0, 1, 1, 1, 1]


[1, 1]


[1, 1, 1]


[1, 1, 1]
[1, 1, 1, 1]


[1, 1, 1, 1, 1]


[1, 1, 1, 1]


[1, 1, 1]
[0, 1, 1]
[0, 1, 1]


[1, 1, 1, 1, 1, 1, 1]


[1, 1, 1, 1]
[0, 1, 1, 1, 1]
[0, 1, 1, 1, 1, 1, 1]


[1, 1, 1]


[1, 1, 1, 1]
[1, 1, 1, 1, 1]


[1, 1]
[1, 1, 1]
[0, 1, 1]
[0, 1, 1]


[1, 1, 1, 1, 1]
[0, 0, 1, 1, 1]
[0, 0, 1, 1, 1]


[1, 1, 1, 1]


[1, 1]
[1, 1, 1]
[0, 1, 1]


[1, 1, 1, 1, 1, 1, 1]


[1, 1, 1, 1, 1]


[1, 1, 1, 1, 1, 1]
[0, 1, 1, 1, 1, 1, 1]


[1, 1, 1]


[1, 1, 1]


[1, 1, 1]
[1, 1, 1]


[1, 1, 1, 1, 1, 1]


[1, 1, 1, 1, 1, 1]


[1, 1, 1, 1, 1, 1, 1, 1, 1]


[1, 1, 1]


[1, 1, 1, 1]


[1, 1]


[1, 1, 1, 1]


[1, 1, 1, 1, 1]


[1]


[1, 1, 1]


[1, 1, 1, 1, 1]


[1, 1, 1, 1]


[1]
[1]


[1, 1, 1, 1, 1]
[0, 0, 1, 1, 1]
[0, 1, 1, 1, 1, 1, 1]


[1, 1, 1, 1, 1, 1, 1]


[1, 1, 1]


[1]


[1, 1, 1]
[1, 1, 1, 1]


[1, 1, 1, 1, 1]


[1, 1, 1, 1, 1]


[1, 1, 1]
[1, 1, 1, 1, 1]


[1, 1]


[1]
[1]


[1, 1, 1, 1]


[1, 1, 1, 1, 1, 1]


[1, 1, 1, 1, 1]


[1, 1, 1, 1, 1]


[1, 1, 1, 1, 1, 1, 1]


[1]
[1]
[1]


[1, 1, 1, 1, 1]
[0, 0, 1, 1, 1]


[1, 1, 1, 1]


[1, 1, 1]


[1, 1, 1, 1, 1, 1, 1, 1]


[1, 1]


[1, 1]


[1, 1, 1, 1]


[1, 1, 1]


[1, 1, 1]


[1, 1, 1, 1, 1]


[1]


[1, 1, 1, 1]


[1, 1, 1]


[1, 1, 1, 1]


[1, 1]


[1, 1, 1, 1, 1]


[1, 1, 1, 1]


[1, 1]
[1, 1, 1]


[1, 1, 1, 1, 1]


[1, 1]


[1, 1, 1, 1, 1, 1]


[1, 1, 1, 1, 1, 1, 1, 1]


[1, 1, 1, 1]


[1, 1]


[1, 1, 1]


[1, 1]


[1, 1, 1, 1, 1, 1]


[1, 1]


[1, 1, 1]


[1, 1]


[1, 1, 1, 1]


[1]


[1, 1, 1, 1]


[1, 1, 1, 1, 1]


[1, 1, 1]


[1, 1, 1]

******************BLOCKING COMPLETED
BLOCK ROWS: 98 of AVG. SIZE: 1.296875
TRUE NONZEROS: 458 FAKE NONZEROS : 36, with AVG. in-block DENSITY: 0.9271255060728745
PRINTING BLOCK DISTRIBUTION: size -- blocks with that size
1 --> 78
2 --> 13
3 --> 6
4 --> 1
