[1, 1]


[1, 1, 1]


[1, 1]


[1, 1, 1, 1]


[1, 1, 1, 1]


[1, 1, 1, 1]


[1, 1, 1, 1]


[1, 1]


[1, 1, 1]


[1, 1, 1, 1, 1]
[1, 1, 1, 1, 1, 1, 1]


[]
[]


[1, 1, 1]


[1, 1, 1]


[1, 1, 1, 1]


[1, 1]


[1, 1, 1]


[1, 1, 1]
[1, 1, 1, 1]


[1, 1, 1, 1, 1]


[1, 1, 1, 1]


[1, 1, 1]


[1, 1, 1, 1, 1, 1, 1]


[1, 1, 1, 1]


[1, 1, 1]


[1, 1, 1, 1]
[1, 1, 1, 1, 1]


[1, 1]
[1, 1]


[1, 1, 1, 1, 1]


[1, 1, 1, 1]


[1, 1]
[1, 1]


[1, 1, 1, 1, 1, 1, 1]


[1, 1, 1, 1, 1]


[1, 1, 1, 1, 1, 1]
[0, 1, 1, 1, 1, 1, 1]


[1, 1, 1]


[1, 1, 1]


[1, 1, 1]


[1, 1, 1]
[1, 1, 1]


[1, 1, 1, 1, 1, 1]


[1, 1, 1, 1, 1, 1]


[1, 1, 1]


[1, 1, 1, 1, 1, 1, 1, 1, 1]


[1, 1, 1]


[1, 1, 1, 1]


[1, 1]


[1, 1, 1, 1]


[1, 1, 1, 1, 1]


[1, 1, 1]


[1]


[1, 1, 1]


[1, 1, 1, 1, 1]


[1, 1, 1, 1]


[1, 1, 1, 1]


[1]
[1]


[1, 1, 1, 1, 1]


[1, 1, 1, 1, 1, 1, 1]


[1, 1, 1]


[1]


[1, 1]


[1, 1, 1]


[1, 1, 1]
[1, 1, 1, 1]


[1, 1, 1, 1, 1]


[1, 1, 1, 1, 1]


[1, 1, 1]


[1, 1, 1]


[1, 1, 1, 1, 1]


[1, 1]


[1]
[1]


[1, 1, 1, 1]


[1, 1, 1, 1, 1, 1]


[1, 1]


[1, 1, 1, 1, 1]


[1, 1, 1, 1, 1]


[1, 1, 1, 1, 1, 1, 1]


[1]
[1]
[1]


[1, 1, 1, 1, 1]


[1, 1, 1, 1]


[1, 1, 1]


[1, 1, 1, 1, 1, 1, 1, 1]


[1, 1]


[1, 1]


[1, 1, 1, 1]


[1, 1, 1]


[1, 1, 1]


[1, 1, 1, 1, 1]


[1]


[1, 1, 1, 1]


[1, 1, 1, 1]


[1, 1, 1]


[1, 1, 1, 1]


[1, 1]


[1, 1, 1, 1, 1]


[1, 1, 1, 1]


[1, 1]


[1, 1]


[1, 1, 1, 1, 1]


[1, 1]


[1, 1, 1]


[1, 1, 1, 1, 1, 1]


[1, 1, 1, 1, 1, 1]


[1, 1, 1, 1, 1, 1, 1, 1]


[1, 1, 1, 1, 1, 1]


[1, 1, 1, 1]


[1, 1]


[1, 1, 1]


[1, 1]


[1, 1, 1, 1, 1, 1]


[1, 1]


[1, 1, 1]


[1, 1]


[1, 1, 1]


[1, 1, 1, 1]


[1]


[1, 1, 1, 1]


[1, 1, 1, 1, 1]


[1, 1, 1]


[1, 1, 1]


[1, 1, 1]

******************BLOCKING COMPLETED
BLOCK ROWS: 114 of AVG. SIZE: 1.088992974238876
TRUE NONZEROS: 458 FAKE NONZEROS : 7, with AVG. in-block DENSITY: 0.9849462365591398
PRINTING BLOCK DISTRIBUTION: size -- blocks with that size
1 --> 103
2 --> 10
3 --> 1
