[1]
[1, 1]
[0, 1]
[1, 1, 1]
[0, 1, 1, 1]
[0, 0, 1, 1]
[0, 0, 1, 1]
[0, 0, 1, 1]


[1, 1, 1]
[1, 1, 1, 1]
[0, 0, 1, 1]
[0, 1, 1, 1, 1]
[0, 0, 1, 1, 1, 1]


[]
[]
[]
[]
[]
[]
[]
[]
[]
[]
[]
[]
[]
[]
[]
[]
[]
[]
[]
[]
[]
[]
[]
[]
[]
[]
[]
[]
[]
[]
[]
[]
[]
[]
[]
[]
[]
[]
[]
[]
[]
[]
[]
[]
[]
[]
[]
[]
[]
[]
[]
[]
[]
[]
[]
[]
[]
[]
[]
[]
[]
[]
[]
[]
[]
[]
[]
[]
[]
[]
[]


[1]
[1, 1]
[0, 1]
[1, 1]
[0, 1]
[0, 1]
[0, 1]
[0, 1]
[1, 1, 1, 1]
[0, 0, 1, 1]
[0, 0, 1, 1]
[0, 1, 1, 1, 1, 1]
[0, 0, 0, 1, 1, 1]


[1, 1, 1, 1, 1, 1]
[0, 0, 0, 1, 1, 1]
[0, 0, 0, 1, 1, 1]
[0, 0, 0, 1, 1, 1]


[1, 1, 1, 1]
[0, 0, 1, 1]
[0, 1, 1, 1]
[0, 0, 1, 1]
[0, 0, 1, 1]
[0, 0, 1, 1]


[1]
[1]
[1]
[1, 1]
[0, 1]
[0, 1]
[1, 1]
[0, 1]
[0, 1]
[0, 1]
[0, 1]
[0, 1]
[0, 1]
[0, 1]
[0, 1]
[0, 1]
[1, 1, 1]
[0, 1, 1, 1]
[0, 1, 1, 1, 1, 1]


[1]
[1, 1]
[0, 1]
[0, 1]
[0, 1]
[0, 1]
[0, 1]
[0, 1]
[0, 1]
[1, 1]
[0, 1]
[0, 1]
[1, 1, 1, 1]
[0, 0, 1, 1]
[0, 0, 1, 1]
[0, 1, 1, 1]
[0, 0, 1, 1]


[1, 1]
[0, 1]
[0, 1]
[1, 1, 1, 1]
[0, 1, 1, 1, 1]
[0, 0, 1, 1, 1]
[0, 0, 1, 1, 1, 1]


[1, 1, 1, 1, 1]
[0, 0, 1, 1, 1]


[1, 1]
[0, 1]
[0, 1]
[0, 1]
[0, 1]
[0, 1]
[0, 1]
[0, 1]
[0, 1]
[0, 1]
[0, 1]
[1, 1]
[0, 1]
[0, 1]
[0, 1]
[1, 1]
[0, 1]


[1, 1, 1]
[0, 1, 1, 1]
[0, 0, 1, 1]


[1, 1]
[0, 1]
[1, 1, 1]
[0, 1, 1, 1]
[0, 0, 1, 1]
[0, 1, 1, 1]
[0, 0, 1, 1]
[0, 0, 1, 1]


[1, 1, 1, 1, 1]
[0, 0, 1, 1, 1, 1]
[0, 0, 1, 1, 1, 1, 1]


[1, 1]
[1, 1, 1]
[0, 1, 1, 1]
[0, 0, 1, 1]
[0, 0, 1, 1]
[0, 0, 1, 1]


[1, 1]
[1, 1]
[0, 1]
[0, 1]
[0, 1]
[0, 1]
[0, 1]


[1]
[1, 1]
[0, 1]
[0, 1]
[0, 1]
[0, 1]
[0, 1]
[1, 1, 1, 1]
[0, 0, 1, 1]
[0, 0, 1, 1]
[0, 1, 1, 1, 1, 1]


[1, 1, 1]
[0, 1, 1, 1]
[0, 0, 1, 1]


[1, 1]
[0, 1]
[0, 1]
[0, 1]
[0, 1]
[0, 1]
[0, 1]
[1, 1, 1]
[0, 1, 1, 1]


[1]
[1, 1]
[0, 1]
[0, 1]
[1, 1, 1]
[0, 1, 1, 1]


[1, 1, 1]
[0, 1, 1, 1]
[0, 0, 1, 1]
[0, 0, 1, 1]


[1, 1, 1, 1, 1]
[0, 0, 1, 1, 1]
[0, 0, 1, 1, 1, 1]
[0, 0, 0, 1, 1, 1]
[0, 0, 0, 1, 1, 1]
[0, 0, 0, 1, 1, 1]


[1, 1]
[1, 1, 1, 1]
[0, 0, 1, 1]
[0, 0, 1, 1]
[0, 0, 1, 1]
[0, 0, 1, 1]
[0, 0, 1, 1]


[1]
[1]
[1, 1]
[1, 1, 1, 1]


[1, 1, 1, 1]
[0, 1, 1, 1]
[0, 0, 1, 1]
[0, 0, 1, 1]
[0, 0, 1, 1]


[1, 1, 1]
[0, 1, 1]
[0, 1, 1, 1]


[1, 1, 1, 1]
[0, 0, 1, 1]
[0, 0, 1, 1]
[0, 0, 1, 1]
[0, 0, 1, 1]
[0, 0, 1, 1]


[1, 1]
[0, 1]
[0, 1]
[1, 1]
[0, 1]
[1, 1, 1]
[0, 1, 1]
[0, 1, 1, 1]
[0, 0, 1, 1]


[1, 1]
[1, 1]
[0, 1]
[0, 1]
[0, 1]
[1, 1, 1]
[0, 1, 1, 1]
[0, 0, 1, 1]
[0, 0, 1, 1]


[1, 1, 1, 1, 1]
[0, 0, 1, 1, 1]
[0, 0, 1, 1, 1, 1]


[1, 1, 1, 1]


[1, 1, 1, 1]
[0, 0, 1, 1]
[0, 1, 1, 1]
[0, 1, 1, 1, 1, 1]


[1]
[1, 1]
[0, 1]
[1, 1]
[0, 1]
[0, 1]
[0, 1]
[1, 1, 1]


[1, 1, 1]
[0, 1, 1, 1]
[0, 0, 1, 1]
[0, 0, 1, 1]


[1, 1]
[1, 1]
[0, 1]
[0, 1]
[0, 1]
[0, 1]
[0, 1]


[1, 1, 1]
[0, 1, 1, 1]
[0, 0, 1, 1]


[1, 1, 1]
[0, 1, 1, 1]
[0, 1, 1, 1, 1]


[1, 1, 1]
[1, 1, 1, 1]
[0, 1, 1, 1]
[0, 0, 1, 1]


[1, 1, 1]
[0, 1, 1]
[0, 1, 1]


[1, 1]
[1, 1, 1]
[0, 1, 1, 1]
[0, 0, 1, 1]
[0, 0, 1, 1]
[0, 0, 1, 1]
[0, 0, 1, 1]


[1, 1, 1]
[0, 1, 1]
[0, 1, 1, 1]


[1, 1, 1]
[0, 1, 1, 1]
[0, 0, 1, 1]
[0, 0, 1, 1]
[0, 1, 1, 1, 1, 1]


[1, 1, 1]
[0, 1, 1, 1]


[1, 1, 1, 1]


[1, 1]
[1, 1]
[1, 1, 1, 1]
[0, 0, 1, 1]
[0, 0, 1, 1]


[1, 1, 1]


[1, 1]
[0, 1]
[0, 1]
[0, 1]
[0, 1]
[0, 1]
[0, 1]
[0, 1]
[0, 1]


[1, 1]
[0, 1]
[1, 1, 1, 1]
[0, 0, 1, 1]


[1, 1]
[0, 1]
[0, 1]
[0, 1]
[0, 1]
[0, 1]
[0, 1]


[1, 1, 1, 1]
[0, 0, 1, 1]
[0, 0, 1, 1]


[1, 1]
[1, 1, 1, 1]
[0, 1, 1, 1]
[0, 0, 1, 1]
[0, 0, 1, 1]


[1, 1]
[1, 1, 1]


[1, 1, 1]
[0, 1, 1, 1]


[1, 1, 1, 1, 1]
[0, 0, 1, 1, 1]


[1, 1, 1]
[0, 1, 1, 1]
[0, 0, 1, 1]
[0, 0, 1, 1]
[0, 0, 1, 1]
[0, 0, 1, 1]


[1, 1, 1, 1, 1]
[0, 0, 1, 1, 1, 1]


[1, 1]
[1, 1, 1, 1]
[0, 0, 1, 1]


[1, 1]
[1, 1, 1, 1]
[0, 0, 1, 1]


[1, 1, 1, 1, 1, 1, 1]
[0, 0, 0, 1, 1, 1, 1]


[1, 1, 1]
[0, 1, 1, 1]
[0, 0, 1, 1]


[1, 1, 1, 1]
[0, 0, 1, 1]
[0, 0, 1, 1]


[1, 1]
[1, 1]
[1, 1, 1]
[0, 1, 1, 1]
[0, 1, 1, 1]


[1, 1, 1, 1, 1]


[1, 1, 1, 1]
[0, 0, 1, 1]
[0, 0, 1, 1]


[1]
[1, 1]
[1, 1, 1]


[1, 1]
[1, 1]
[1, 1, 1, 1]
[0, 1, 1, 1, 1]
[0, 0, 1, 1, 1]
[0, 0, 1, 1, 1, 1]


[1, 1, 1, 1]
[0, 0, 1, 1]
[0, 0, 1, 1]


[1, 1, 1]
[1, 1, 1]
[0, 1, 1, 1]


[1, 1, 1, 1]
[0, 0, 1, 1]
[0, 0, 1, 1]


[1, 1, 1]
[1, 1, 1, 1]
[0, 1, 1, 1, 1]


[1, 1, 1, 1]
[0, 0, 1, 1]
[0, 0, 1, 1]


[1, 1]
[1, 1]
[0, 1]
[0, 1]
[0, 1]
[0, 1]
[0, 1]
[0, 1]


[1, 1]
[0, 1]
[0, 1]
[0, 1]


[1, 1, 1]
[0, 1, 1]
[0, 1, 1, 1]


[1, 1, 1]


[1]
[1, 1]
[0, 1]
[0, 1]
[0, 1]
[0, 1]
[0, 1]
[0, 1]


[1, 1]
[1, 1, 1]
[0, 1, 1, 1]


[1]
[1, 1]
[0, 1]


[1, 1, 1, 1, 1, 1, 1]


[1, 1]
[0, 1]
[0, 1]
[0, 1]
[1, 1]


[1, 1]


[1, 1, 1, 1]


[1, 1, 1]
[0, 1, 1, 1]


[1]
[1]
[1, 1]
[0, 1]
[0, 1]
[0, 1]
[0, 1]
[0, 1]
[0, 1]
[0, 1]


[1, 1, 1]


[1, 1, 1]


[1, 1, 1, 1, 1, 1]


[1, 1, 1]


[1]
[1]
[1, 1]
[0, 1]
[0, 1]


[1]
[1, 1]
[0, 1]
[1, 1, 1]


[1, 1, 1]
[0, 1, 1, 1]


[1, 1, 1]
[0, 1, 1, 1]


[1, 1]
[1, 1, 1]


[1, 1, 1, 1]


[1, 1, 1, 1]


[1, 1]


[1, 1, 1, 1]


[1, 1, 1]


[1]
[1]


[1]
[1]


[1, 1, 1]


[1, 1]


[1]

******************BLOCKING COMPLETED
BLOCK ROWS: 102 of AVG. SIZE: 4.3813131313131315
TRUE NONZEROS: 979 FAKE NONZEROS : 486, with AVG. in-block DENSITY: 0.668259385665529
PRINTING BLOCK DISTRIBUTION: size -- blocks with that size
1 --> 20
2 --> 13
3 --> 24
4 --> 9
5 --> 8
6 --> 7
7 --> 6
8 --> 5
9 --> 4
10 --> 1
11 --> 1
13 --> 1
17 --> 2
19 --> 1
