[1, 1]
[0, 1]
[0, 1]
[0, 1]
[1, 1, 1, 1]
[0, 0, 1, 1, 1]
[0, 0, 0, 1, 1]
[0, 0, 1, 1, 1, 1, 1]


[1]
[1]
[1, 1]
[0, 1]
[1, 1, 1, 1]
[0, 0, 1, 1]
[0, 0, 1, 1]
[0, 0, 1, 1, 1]


[1, 1]
[0, 1]
[1, 1, 1]
[0, 1, 1, 1]
[0, 0, 1, 1, 1]
[0, 0, 0, 1, 1]
[0, 0, 1, 1, 1]


[1]
[1]
[1, 1]
[0, 1]
[0, 1]
[0, 1]
[0, 1]
[0, 1]
[0, 1]
[0, 1]
[1, 1, 1, 1]


[1]
[1, 1]
[1, 1]
[0, 1]
[1, 1, 1]
[0, 1, 1, 1, 1]
[0, 0, 0, 1, 1]


[1, 1, 1, 1, 1]
[0, 0, 0, 1, 1]
[0, 0, 0, 1, 1]
[0, 0, 0, 1, 1]
[0, 0, 1, 1, 1, 1]


[1, 1, 1]
[0, 1, 1, 1, 1]
[0, 0, 0, 1, 1]
[0, 0, 1, 1, 1, 1]


[1, 1, 1]
[0, 1, 1, 1]
[0, 0, 1, 1, 1]
[0, 0, 0, 1, 1]


[1, 1]
[1, 1, 1]
[1, 1, 1, 1, 1]
[0, 0, 1, 1, 1, 1]


[1, 1, 1]
[0, 1, 1, 1, 1]
[0, 0, 0, 1, 1]


[]
[]
[]
[]
[]
[]
[]
[]
[]
[]
[]
[]
[]
[]
[]
[]
[]
[]
[]
[]
[]
[]
[]
[]
[]
[]
[]
[]
[]
[]
[]
[]
[]
[]
[]


[1, 1, 1, 1]
[0, 0, 1, 1, 1]
[0, 0, 1, 1, 1, 1]


[1, 1, 1]
[0, 1, 1, 1, 1]
[0, 0, 0, 1, 1]


[1, 1]
[0, 1]
[0, 1]
[1, 1, 1]
[0, 1, 1, 1, 1]


[1, 1]
[0, 1]
[0, 1]


[1, 1, 1]
[0, 1, 1, 1]
[0, 0, 1, 1, 1]
[0, 0, 0, 1, 1]
[0, 0, 0, 1, 1]


[1, 1]
[0, 1]
[0, 1]
[0, 1]
[0, 1]
[0, 1]
[1, 1, 1, 1]
[0, 0, 1, 1, 1]


[1, 1]
[0, 1]
[0, 1]
[0, 1]
[1, 1, 1]
[0, 1, 1, 1, 1]


[1, 1]
[0, 1]
[0, 1]
[1, 1, 1]


[1, 1]
[0, 1]
[1, 1, 1, 1, 1]
[0, 0, 1, 1, 1]
[0, 0, 0, 1, 1]


[1, 1]
[0, 1]
[0, 1]
[1, 1, 1]


[1, 1]
[0, 1]
[0, 1]
[0, 1]
[1, 1, 1]
[0, 1, 1, 1]
[0, 0, 1, 1, 1]


[1, 1, 1]
[0, 1, 1]
[0, 1, 1, 1]
[0, 0, 1, 1, 1]
[0, 0, 1, 1, 1]
[0, 0, 0, 1, 1]


[1, 1, 1, 1]
[0, 0, 1, 1]
[0, 0, 1, 1]


[1, 1]
[0, 1]
[0, 1]
[0, 1]
[0, 1]
[0, 1]


[1, 1]
[0, 1]
[1, 1, 1, 1, 1]


[1, 1]
[1, 1]
[1, 1]
[0, 1]
[0, 1]


[1]
[1, 1]
[1, 1, 1, 1]
[0, 0, 1, 1]
[0, 1, 1, 1]


[1, 1]
[0, 1]
[0, 1]
[1, 1]


[1, 1]
[0, 1]
[0, 1]
[0, 1]


[1, 1, 1]
[0, 1, 1, 1]
[0, 0, 1, 1, 1]
[0, 0, 0, 1, 1]
[0, 0, 1, 1, 1, 1]
[0, 0, 0, 1, 1, 1, 1]
[0, 0, 0, 0, 1, 1, 1, 1]


[1, 1]
[0, 1]
[0, 1]
[0, 1]
[0, 1]


[1]
[1, 1]
[0, 1]
[0, 1]
[0, 1]
[0, 1]


[1, 1, 1]
[0, 1, 1]
[0, 1, 1, 1]
[0, 0, 1, 1]


[1, 1]


[1, 1]
[0, 1]
[1, 1, 1, 1]
[0, 0, 1, 1, 1]
[0, 0, 0, 1, 1]


[1, 1, 1]
[0, 1, 1, 1]


[1, 1]


[1, 1]
[0, 1]
[0, 1]
[0, 1]
[0, 1]


[1, 1]


[1, 1, 1]
[0, 1, 1, 1]
[0, 0, 1, 1, 1]
[0, 0, 0, 1, 1]


[1, 1, 1, 1]
[0, 0, 1, 1]


[1, 1]
[1, 1, 1]


[1, 1]
[0, 1]


[1, 1]


[1, 1]


[1, 1]


[1]


[1, 1]
[0, 1]


[1, 1]
[1, 1, 1, 1]
[0, 0, 1, 1, 1]
[0, 0, 1, 1, 1, 1]


[1, 1, 1]
[0, 1, 1, 1]


[1, 1]


[1, 1, 1]


[1, 1]


[1, 1]


[1]


[1]
[1, 1]
[0, 1]


[1, 1]


[1, 1, 1]


[1, 1]


[1, 1, 1]

******************BLOCKING COMPLETED
BLOCK ROWS: 60 of AVG. SIZE: 4.290322580645161
TRUE NONZEROS: 483 FAKE NONZEROS : 281, with AVG. in-block DENSITY: 0.6321989528795812
PRINTING BLOCK DISTRIBUTION: size -- blocks with that size
1 --> 16
2 --> 6
3 --> 7
4 --> 10
5 --> 9
6 --> 4
7 --> 4
8 --> 3
11 --> 1
